timestamps:
  login: 1377639400051
  logout: 1377639660649
ipAddress: 187.109.80.20
lastlocation:
  world: world
  x: -516.0
  y: 43.0
  z: 116.3
  yaw: -270.1
  pitch: 30.8
money: '0.0'
logoutlocation:
  world: world
  x: -903.7052862588272
  y: 56.04352293595569
  z: 77.28120248924989
  yaw: -274.04984
  pitch: 53.1
