timestamps:
  login: 1379532292371
  logout: 1379532373173
ipAddress: 181.74.61.254
lastlocation:
  world: world
  x: -516.0
  y: 43.0
  z: 116.3
  yaw: -270.1
  pitch: 30.8
money: '0.0'
logoutlocation:
  world: world
  x: -563.1595552397249
  y: 43.0
  z: 160.66755259365078
  yaw: -224.55002
  pitch: 10.05
