timestamps:
  login: 1378033193769
  logout: 1378033440668
ipAddress: 107.216.225.226
lastlocation:
  world: world
  x: -516.0
  y: 43.0
  z: 116.3
  yaw: -270.1
  pitch: 30.8
money: '0.0'
logoutlocation:
  world: world
  x: -510.8290545393825
  y: 40.0
  z: 151.78188063476102
  yaw: -255.91003
  pitch: 4.959561
