timestamps:
  login: 1378178202955
  logout: 1378178213383
ipAddress: 184.65.140.50
lastlocation:
  world: world
  x: -516.0
  y: 43.0
  z: 116.3
  yaw: -270.1
  pitch: 30.8
logoutlocation:
  world: world
  x: -516.0
  y: 43.0
  z: 116.3
  yaw: -276.99997
  pitch: 3.0499973
