timestamps:
  login: 1378210160856
  logout: 1378210230884
ipAddress: 80.5.254.202
lastlocation:
  world: world
  x: -516.0
  y: 43.0
  z: 116.3
  yaw: -270.1
  pitch: 30.8
money: '0.0'
logoutlocation:
  world: world
  x: -566.62604914582
  y: 43.0
  z: 162.88319209918848
  yaw: 288.86154
  pitch: -9.75003
