timestamps:
  login: 1378026678225
  logout: 1378026732340
ipAddress: 90.224.30.16
lastlocation:
  world: world
  x: -516.0
  y: 43.0
  z: 116.3
  yaw: -270.1
  pitch: 30.8
money: '0.0'
logoutlocation:
  world: world
  x: -633.9078898897162
  y: 48.240559563720836
  z: 147.060270352034
  yaw: 149.55002
  pitch: 36.750004
