timestamps:
  login: 1379709106821
  logout: 1379709130271
ipAddress: 190.193.237.168
lastlocation:
  world: world
  x: -516.0
  y: 43.0
  z: 116.3
  yaw: -270.1
  pitch: 30.8
logoutlocation:
  world: world
  x: -568.5153559091673
  y: 43.0
  z: 162.89512492239996
  yaw: 269.36154
  pitch: 8.849971
