timestamps:
  login: 1378168406486
  logout: 1378168479156
ipAddress: 201.219.75.232
lastlocation:
  world: world
  x: -516.0
  y: 43.0
  z: 116.3
  yaw: -270.1
  pitch: 30.8
logoutlocation:
  world: world
  x: -505.9842151095901
  y: 44.0
  z: 116.16366621531904
  yaw: -67.15027
  pitch: 54.14999
