timestamps:
  login: 1377805686777
  logout: 1377806417514
ipAddress: 85.136.224.159
lastlocation:
  world: world
  x: -516.0
  y: 43.0
  z: 116.3
  yaw: -270.1
  pitch: 30.8
money: '0.0'
logoutlocation:
  world: world
  x: -456.70317470101156
  y: 20.0
  z: 411.2230294400943
  yaw: -265.50143
  pitch: 1.0499446
