timestamps:
  login: 1378130596692
  logout: 1378130600350
ipAddress: 95.91.169.87
lastlocation:
  world: world
  x: -516.0
  y: 43.0
  z: 116.3
  yaw: -270.1
  pitch: 30.8
logoutlocation:
  world: world
  x: -516.0
  y: 43.0
  z: 116.3
  yaw: -270.49533
  pitch: 28.559772
