timestamps:
  login: 1378134179834
  logout: 1378134181174
ipAddress: 98.144.39.92
lastlocation:
  world: world
  x: -516.0
  y: 43.0
  z: 116.3
  yaw: -270.1
  pitch: 30.8
logoutlocation:
  world: world
  x: -516.0
  y: 43.0
  z: 116.3
  yaw: -188.72395
  pitch: -12.843822
