timestamps:
  login: 1379094464030
  logout: 1379094458145
ipAddress: 190.117.240.58
lastlocation:
  world: world
  x: -516.0
  y: 43.0
  z: 116.3
  yaw: -270.1
  pitch: 30.8
logoutlocation:
  world: world
  x: -516.0
  y: 43.0
  z: 116.3
  yaw: -165.84998
  pitch: 10.249996
