timestamps:
  login: 1378944645817
  logout: 1378944705770
ipAddress: 37.14.133.42
lastlocation:
  world: world
  x: -516.0
  y: 43.0
  z: 116.3
  yaw: -270.1
  pitch: 30.8
logoutlocation:
  world: world
  x: -516.0
  y: 43.0
  z: 116.3
  yaw: -242.05003
  pitch: -11.500001
