timestamps:
  login: 1377558018817
  logout: 1377558688713
ipAddress: 187.202.20.36
lastlocation:
  world: world
  x: -516.0
  y: 43.0
  z: 116.3
  yaw: -270.1
  pitch: 30.8
money: '0.0'
afk: false
logoutlocation:
  world: world
  x: -710.2441714640894
  y: 20.0
  z: 209.48687771340556
  yaw: -0.158844
  pitch: 8.708394
