timestamps:
  login: 1378661129897
  logout: 1378661131897
ipAddress: 81.203.38.9
lastlocation:
  world: world
  x: -516.0
  y: 43.0
  z: 116.3
  yaw: -270.1
  pitch: 30.8
money: '0.0'
logoutlocation:
  world: world
  x: -502.92500001192093
  y: 41.0
  z: 150.30000001192093
  yaw: -239.24986
  pitch: 65.39999
