timestamps:
  login: 1377891303504
  logout: 1377891650465
ipAddress: 201.83.46.10
lastlocation:
  world: world
  x: -516.0
  y: 43.0
  z: 116.3
  yaw: -270.1
  pitch: 30.8
money: '0.0'
logoutlocation:
  world: world
  x: -566.1444337786231
  y: 14.0
  z: 42.57333173780135
  yaw: 112.158
  pitch: 1.9781928
