timestamps:
  login: 1377699672906
  logout: 1377699735206
ipAddress: 46.102.57.179
lastlocation:
  world: world
  x: -516.0
  y: 43.0
  z: 116.3
  yaw: -270.1
  pitch: 30.8
logoutlocation:
  world: world
  x: -518.879593764884
  y: 43.0
  z: 116.2675004838647
  yaw: -82.449974
  pitch: -8.500002
