timestamps:
  login: 1378689298914
  logout: 1378689596329
ipAddress: 187.138.93.69
lastlocation:
  world: world
  x: -516.0
  y: 43.0
  z: 116.3
  yaw: -270.1
  pitch: 30.8
money: '0.0'
logoutlocation:
  world: world
  x: -567.4360417720986
  y: 43.0
  z: 163.08139130305238
  yaw: -27.302368
  pitch: -30.299994
