timestamps:
  login: 1377993911234
  logout: 1377993931924
ipAddress: 174.97.154.213
lastlocation:
  world: world
  x: -516.0
  y: 43.0
  z: 116.3
  yaw: -270.1
  pitch: 30.8
logoutlocation:
  world: world
  x: -521.0361936036148
  y: 43.0
  z: 114.95325629927093
  yaw: -339.24976
  pitch: 7.9999976
