timestamps:
  login: 1379614390447
  lastteleport: 1379548529868
  logout: 1379615539048
ipAddress: 190.51.30.40
lastlocation:
  world: PvP
  x: -46.30000001192093
  y: 71.0
  z: 639.8059424500477
  yaw: 143.39587
  pitch: 18.300014
money: '35997.61518421577396708'
logoutlocation:
  world: Parcelas
  x: 149.9060719325461
  y: 60.0
  z: -172.58706813908216
  yaw: -271.19333
  pitch: 50.55003
afk: false
