timestamps:
  login: 1378517514802
  logout: 1378517549062
ipAddress: 186.88.132.189
lastlocation:
  world: world
  x: -516.0
  y: 43.0
  z: 116.3
  yaw: -270.1
  pitch: 30.8
money: '0.0'
logoutlocation:
  world: world
  x: -977.9606632076294
  y: 21.0
  z: 387.2532486575276
  yaw: 79.91162
  pitch: -15.150029
