timestamps:
  login: 1379291986411
  logout: 1379292062268
ipAddress: 189.248.9.134
lastlocation:
  world: world
  x: -516.0
  y: 43.0
  z: 116.3
  yaw: -270.1
  pitch: 30.8
logoutlocation:
  world: world
  x: -516.0
  y: 43.0
  z: 116.3
  yaw: -266.65002
  pitch: 7.5499988
