timestamps:
  login: 1377967105260
  logout: 1377967109155
ipAddress: 72.152.55.172
lastlocation:
  world: world
  x: -516.0
  y: 43.0
  z: 116.3
  yaw: -270.1
  pitch: 30.8
logoutlocation:
  world: world
  x: -516.5
  y: 43.0
  z: 116.5
  yaw: -271.73413
  pitch: 9.020052
