timestamps:
  login: 1378220789934
  logout: 1378220803383
ipAddress: 2.126.212.49
lastlocation:
  world: world
  x: -516.0
  y: 43.0
  z: 116.3
  yaw: -270.1
  pitch: 30.8
logoutlocation:
  world: world
  x: -516.5
  y: 43.0
  z: 116.5
  yaw: -99.63883
  pitch: -51.450043
