timestamps:
  login: 1382227669675
  logout: 1382228780634
ipAddress: 127.0.0.1
lastlocation:
  world: world
  x: 1434.8412912557894
  y: 42.0
  z: -3071.298110114571
  yaw: 138.60738
  pitch: 11.099867
afk: false
logoutlocation:
  world: PvP
  x: 191.60791666435173
  y: 66.0
  z: 468.742462807422
  yaw: 306.44574
  pitch: 13.199776
