timestamps:
  login: 1377987584582
  logout: 1377987603621
ipAddress: 174.108.29.132
lastlocation:
  world: world
  x: -516.0
  y: 43.0
  z: 116.3
  yaw: -270.1
  pitch: 30.8
money: '0.0'
logoutlocation:
  world: world
  x: -530.800248397555
  y: 43.0
  z: 163.95424126417808
  yaw: -80.70001
  pitch: 19.499998
