timestamps:
  login: 1377968902885
  lastteleport: 1377968937091
  logout: 1377969190889
ipAddress: 186.137.108.204
lastlocation:
  world: world
  x: -523.4220627218905
  y: 43.0
  z: 111.17633878537391
  yaw: -3.0388794
  pitch: 9.599952
logoutlocation:
  world: world
  x: -799.992450077757
  y: 20.5
  z: 410.7839348805809
  yaw: 90.60553
  pitch: 18.899878
