timestamps:
  login: 1377646960852
  logout: 1377647195103
ipAddress: 186.118.55.236
lastlocation:
  world: world
  x: -516.0
  y: 43.0
  z: 116.3
  yaw: -270.1
  pitch: 30.8
money: '0.0'
logoutlocation:
  world: world
  x: -702.2435061926926
  y: 20.0
  z: 179.4652617389817
  yaw: 237.30011
  pitch: 17.400003
