timestamps:
  login: 1378934296600
  lastteleport: 1378189213633
  logout: 1378934306603
ipAddress: 190.73.34.185
lastlocation:
  world: world
  x: -516.0
  y: 43.0
  z: 116.3
  yaw: -270.1
  pitch: 30.8
money: '4.7249999999999997'
logoutlocation:
  world: world
  x: -663.1903519397493
  y: 23.0
  z: 138.89809934300268
  yaw: 286.31186
  pitch: 14.399979
