timestamps:
  login: 1379740496708
  logout: 1379740763082
  lastteleport: 1379703831971
ipAddress: 201.208.17.45
lastlocation:
  world: Parcelas
  x: 20.77154949564985
  y: 66.0
  z: 3.2976429593759673
  yaw: 83.42627
  pitch: -45.150246
money: '3596.33538569161707934'
afk: false
logoutlocation:
  world: Parcelas
  x: 196.69999998807907
  y: 59.5
  z: 83.51362483504359
  yaw: 18.75022
  pitch: 21.749994
homes:
  home:
    world: world_nether
    x: 278.89916073147936
    y: 83.0
    z: 611.5948147698864
    yaw: 294.21146
    pitch: -24.600006
ban:
  reason: Baneado del servidor temporalmente por 1 segundo.
  timeout: 0
