timestamps:
  login: 1378066234525
  logout: 1378066356746
ipAddress: 99.249.226.20
lastlocation:
  world: world
  x: -516.0
  y: 43.0
  z: 116.3
  yaw: -270.1
  pitch: 30.8
logoutlocation:
  world: world
  x: -516.0
  y: 43.0
  z: 116.3
  yaw: -359.50006
  pitch: 24.800003
