timestamps:
  login: 1378007648393
  logout: 1378007654824
ipAddress: 181.208.45.115
lastlocation:
  world: world
  x: -516.0
  y: 43.0
  z: 116.3
  yaw: -270.1
  pitch: 30.8
money: '0.0'
logoutlocation:
  world: world
  x: -668.6170665260224
  y: 20.5
  z: 411.2818026066764
  yaw: -290.7013
  pitch: 8.400075
