timestamps:
  login: 1377987628069
  logout: 1377987723221
ipAddress: 174.108.29.132
lastlocation:
  world: world
  x: -516.0
  y: 43.0
  z: 116.3
  yaw: -270.1
  pitch: 30.8
money: '0.0'
logoutlocation:
  world: world
  x: -567.0493349420108
  y: 43.0
  z: 148.6865944519531
  yaw: 9.5999365
  pitch: 13.050002
