timestamps:
  login: 1379636321920
  logout: 1379636456020
ipAddress: 201.191.169.128
lastlocation:
  world: world
  x: -516.0
  y: 43.0
  z: 116.3
  yaw: -270.1
  pitch: 30.8
logoutlocation:
  world: world
  x: -516.0
  y: 43.0
  z: 116.3
  yaw: -271.45013
  pitch: 79.399994
