timestamps:
  login: 1379211713932
  logout: 1379211716773
ipAddress: 190.193.234.11
lastlocation:
  world: world
  x: -516.0
  y: 43.0
  z: 116.3
  yaw: -270.1
  pitch: 30.8
logoutlocation:
  world: world
  x: -516.5
  y: 43.0
  z: 116.5
  yaw: -270.18884
  pitch: 6.7499585
