timestamps:
  login: 1378088059185
  logout: 1378088063850
ipAddress: 108.198.121.63
lastlocation:
  world: world
  x: -516.0
  y: 43.0
  z: 116.3
  yaw: -270.1
  pitch: 30.8
logoutlocation:
  world: world
  x: -515.5837098106838
  y: 44.0
  z: 122.02699739568682
  yaw: -8.391619
  pitch: 13.751902
