timestamps:
  login: 1378933437951
  logout: 1378933556603
ipAddress: 200.111.143.42
lastlocation:
  world: world
  x: -516.0
  y: 43.0
  z: 116.3
  yaw: -270.1
  pitch: 30.8
logoutlocation:
  world: world
  x: -516.0
  y: 43.0
  z: 116.3
  yaw: -271.15002
  pitch: 12.500003
