timestamps:
  login: 1378955623182
  logout: 1378955661982
ipAddress: 187.134.232.18
lastlocation:
  world: world
  x: -516.0
  y: 43.0
  z: 116.3
  yaw: -270.1
  pitch: 30.8
logoutlocation:
  world: world
  x: -516.0
  y: 43.0
  z: 116.3
  yaw: -269.80002
  pitch: -1.4500011
