timestamps:
  login: 1379204283312
  logout: 1379204773034
  lastteleport: 1379204571890
ipAddress: 187.170.101.90
lastlocation:
  world: world
  x: -578.0339818142966
  y: 43.0
  z: 149.49143570612856
  yaw: 106.306984
  pitch: 0.13118929
logoutlocation:
  world: PvP
  x: 252.3930727764817
  y: 59.49921054087862
  z: 379.4604736188174
  yaw: 194.24939
  pitch: -19.86421
money: '0.0'
