timestamps:
  login: 1377874728819
  lastteleport: 1377876081882
  logout: 1377876351819
ipAddress: 190.185.154.205
lastlocation:
  world: Recursos
  x: -44.23379730732402
  y: 64.0
  z: 584.3605856745885
  yaw: -44.282227
  pitch: -11.181424
money: '3.0'
homes:
  home:
    world: Recursos
    x: 87.5132408259918
    y: 63.5
    z: 506.80486383197723
    yaw: 3.576279E-8
    pitch: 64.22471
logoutlocation:
  world: PvP
  x: 199.7954794518633
  y: 64.03584062504456
  z: 401.5728782537349
  yaw: -88.53278
  pitch: 10.992596
