timestamps:
  login: 1378087996394
  logout: 1378088015913
ipAddress: 108.198.121.63
lastlocation:
  world: world
  x: -516.0
  y: 43.0
  z: 116.3
  yaw: -270.1
  pitch: 30.8
logoutlocation:
  world: world
  x: -512.9819215605937
  y: 28.5
  z: 82.78743738113897
  yaw: 359.24976
  pitch: -18.899967
money: '0.0'
