timestamps:
  login: 1379006369355
  logout: 1379006527455
ipAddress: 85.247.120.22
lastlocation:
  world: world
  x: -516.0
  y: 43.0
  z: 116.3
  yaw: -270.1
  pitch: 30.8
money: '0.0'
logoutlocation:
  world: world
  x: -724.4854929434787
  y: 20.0
  z: 413.45465685423744
  yaw: -45.599915
  pitch: 18.600006
