timestamps:
  login: 1379704730837
  logout: 1379704742826
ipAddress: 189.235.238.249
lastlocation:
  world: world
  x: -516.0
  y: 43.0
  z: 116.3
  yaw: -270.1
  pitch: 30.8
logoutlocation:
  world: world
  x: -515.4551413965378
  y: 43.0
  z: 116.79657663190495
  yaw: -115.89997
  pitch: 39.350002
