timestamps:
  login: 1379201394815
  logout: 1379201498785
ipAddress: 190.192.1.169
lastlocation:
  world: world
  x: -516.0
  y: 43.0
  z: 116.3
  yaw: -270.1
  pitch: 30.8
logoutlocation:
  world: world
  x: -533.2069202877287
  y: -252.17632990324935
  z: 14.893566596579024
  yaw: -59.78178
  pitch: -88.73812
