timestamps:
  login: 1378951484242
  logout: 1378951579501
ipAddress: 190.224.137.219
lastlocation:
  world: world
  x: -516.0
  y: 43.0
  z: 116.3
  yaw: -270.1
  pitch: 30.8
money: '0.0'
logoutlocation:
  world: world
  x: -570.6862388590409
  y: 43.0
  z: 163.52065417803206
  yaw: -192.90819
  pitch: 3.8807993
