timestamps:
  login: 1378173832233
  logout: 1378173850883
ipAddress: 68.0.145.32
lastlocation:
  world: world
  x: -516.0
  y: 43.0
  z: 116.3
  yaw: -270.1
  pitch: 30.8
logoutlocation:
  world: world
  x: -516.5
  y: 43.0
  z: 116.5
  yaw: -51.47809
  pitch: 19.792198
