timestamps:
  login: 1378162720731
  logout: 1378162751722
ipAddress: 68.108.61.177
lastlocation:
  world: world
  x: -516.0
  y: 43.0
  z: 116.3
  yaw: -270.1
  pitch: 30.8
logoutlocation:
  world: world
  x: -515.7401557740774
  y: 43.0
  z: 116.62292042562613
  yaw: -160.70921
  pitch: 20.004847
