timestamps:
  login: 1378156984087
  logout: 1378156995082
ipAddress: 24.96.208.220
lastlocation:
  world: world
  x: -516.0
  y: 43.0
  z: 116.3
  yaw: -270.1
  pitch: 30.8
logoutlocation:
  world: world
  x: -516.0
  y: 43.0
  z: 116.3
  yaw: -167.79996
  pitch: 8.849999
