timestamps:
  login: 1377945249582
  logout: 1377945259731
ipAddress: 174.7.121.251
lastlocation:
  world: world
  x: -516.0
  y: 43.0
  z: 116.3
  yaw: -270.1
  pitch: 30.8
logoutlocation:
  world: world
  x: -516.0
  y: 43.0
  z: 116.3
  yaw: -276.55002
  pitch: 17.599997
