timestamps:
  login: 1377633763719
  logout: 1377633777934
ipAddress: 71.10.50.244
lastlocation:
  world: world
  x: -516.0
  y: 43.0
  z: 116.3
  yaw: -270.1
  pitch: 30.8
logoutlocation:
  world: world
  x: -516.0
  y: 43.0
  z: 116.3
  yaw: -266.53546
  pitch: 40.602398
