timestamps:
  login: 1378085426755
  logout: 1378085430679
ipAddress: 24.98.157.231
lastlocation:
  world: world
  x: -516.0
  y: 43.0
  z: 116.3
  yaw: -270.1
  pitch: 30.8
logoutlocation:
  world: world
  x: -516.0
  y: 43.0
  z: 116.3
  yaw: -266.95007
  pitch: 23.449995
