timestamps:
  login: 1377696479323
  logout: 1377696493373
ipAddress: 213.211.139.79
lastlocation:
  world: world
  x: -516.0
  y: 43.0
  z: 116.3
  yaw: -270.1
  pitch: 30.8
logoutlocation:
  world: world
  x: -516.5
  y: 43.0
  z: 116.5
  yaw: -270.33884
  pitch: 7.0499587
