timestamps:
  login: 1379202903197
  logout: 1379203008290
ipAddress: 187.133.11.28
lastlocation:
  world: world
  x: -516.0
  y: 43.0
  z: 116.3
  yaw: -270.1
  pitch: 30.8
logoutlocation:
  world: world
  x: -517.9253374167813
  y: 43.0
  z: 116.58352551152639
  yaw: -282.03888
  pitch: -1.2000383
