timestamps:
  login: 1377636535769
  logout: 1377636573245
ipAddress: 190.131.38.194
lastlocation:
  world: world
  x: -516.0
  y: 43.0
  z: 116.3
  yaw: -270.1
  pitch: 30.8
logoutlocation:
  world: world
  x: -522.6999999880791
  y: 43.0
  z: 118.905665665894
  yaw: -357.03888
  pitch: -5.1000414
