timestamps:
  login: 1379285739636
  lastteleport: 1379287500102
  logout: 1379287580247
ipAddress: 181.33.99.234
lastlocation:
  world: Recursos
  x: 202.14210349520482
  y: 64.0
  z: 1261.6212375643997
  yaw: 326.09402
  pitch: 12.875397
money: '253.70349999999999764'
logoutlocation:
  world: world
  x: -578.3490311713084
  y: 43.0
  z: 164.5471634636684
  yaw: 239.10042
  pitch: 15.156502
