timestamps:
  login: 1378101836667
  logout: 1378101844417
ipAddress: 69.11.163.25
lastlocation:
  world: world
  x: -516.0
  y: 43.0
  z: 116.3
  yaw: -270.1
  pitch: 30.8
logoutlocation:
  world: world
  x: -515.7054028353846
  y: 43.0
  z: 116.26573404929545
  yaw: -279.02017
  pitch: -15.01336
