timestamps:
  login: 1377646674472
  logout: 1377646732925
ipAddress: 184.158.30.135
lastlocation:
  world: world
  x: -516.0
  y: 43.0
  z: 116.3
  yaw: -270.1
  pitch: 30.8
logoutlocation:
  world: world
  x: -520.4678703009647
  y: 43.0
  z: 116.83504912733167
  yaw: -266.80002
  pitch: -2.5000005
