timestamps:
  login: 1379180097799
  lastteleport: 1379179779238
  logout: 1379180134336
ipAddress: 83.61.153.70
lastlocation:
  world: world
  x: -568.5153559091673
  y: 43.0
  z: 162.89512492239996
  yaw: 266.51154
  pitch: 3.1499708
money: '0.0'
logoutlocation:
  world: Recursos
  x: 178.44116798201043
  y: 65.0
  z: 452.20026419797205
  yaw: 141.29614
  pitch: 21.299982
