timestamps:
  login: 1379601644109
  logout: 1379601656111
ipAddress: 82.130.158.218
lastlocation:
  world: world
  x: -516.0
  y: 43.0
  z: 116.3
  yaw: -270.1
  pitch: 30.8
logoutlocation:
  world: world
  x: -515.5793475338585
  y: 43.0
  z: 116.0465306651605
  yaw: 96.650085
  pitch: 18.900047
