timestamps:
  login: 1378675648098
  logout: 1378675760018
ipAddress: 201.157.28.109
lastlocation:
  world: world
  x: -516.0
  y: 43.0
  z: 116.3
  yaw: -270.1
  pitch: 30.8
logoutlocation:
  world: world
  x: -516.0
  y: 43.0
  z: 116.3
  yaw: -337.14996
  pitch: 55.40001
