timestamps:
  login: 1377629723970
  lastteleport: 1377629761820
  logout: 1377629907570
ipAddress: 79.153.62.195
lastlocation:
  world: world
  x: -520.0920368039064
  y: 43.0
  z: 115.95082552262123
  yaw: 17.74999
  pitch: 14.299998
money: '0.0'
logoutlocation:
  world: PvP
  x: 396.97900336830605
  y: 64.0
  z: 338.1592581608067
  yaw: -337.20312
  pitch: 8.849931
