timestamps:
  login: 1377564375736
  logout: 1377564516540
ipAddress: 79.153.62.195
lastlocation:
  world: world
  x: -516.0
  y: 43.0
  z: 116.3
  yaw: -270.1
  pitch: 30.8
logoutlocation:
  world: world
  x: -508.7444742419533
  y: 43.0
  z: 116.22686426946773
  yaw: -93.10034
  pitch: 7.0999966
