timestamps:
  login: 1377516729623
  lastteleport: 1377489197608
  logout: 1377516756223
ipAddress: 79.153.62.195
lastlocation:
  world: PvP
  x: 175.5022236396031
  y: 73.0
  z: 400.32379121306457
  yaw: 266.547
  pitch: 13.349924
money: '0.0'
logoutlocation:
  world: Parcelas
  x: 21.030543767164243
  y: 66.0
  z: 2.2061244726622173
  yaw: 221.87584
  pitch: 7.0498137
