timestamps:
  login: 1377957501289
  logout: 1377957587719
ipAddress: 198.254.216.22
lastlocation:
  world: world
  x: -516.0
  y: 43.0
  z: 116.3
  yaw: -270.1
  pitch: 30.8
money: '0.0'
logoutlocation:
  world: world
  x: -568.0
  y: 43.0
  z: 162.0
  yaw: -13.499992
  pitch: 38.549995
