timestamps:
  login: 1378663618839
  logout: 1378663625017
ipAddress: 201.185.142.57
lastlocation:
  world: world
  x: -516.0
  y: 43.0
  z: 116.3
  yaw: -270.1
  pitch: 30.8
logoutlocation:
  world: world
  x: -516.5
  y: 43.0
  z: 116.5
  yaw: -191.28883
  pitch: 18.14996
