timestamps:
  login: 1381720540408
  logout: 1381722112149
  lastteleport: 1381721401003
ipAddress: 201.185.151.179
lastlocation:
  world: world
  x: -645.3950811700249
  y: 20.0
  z: 72.42286888627
  yaw: 29.361763
  pitch: 61.649967
logoutlocation:
  world: world
  x: -558.9114508681997
  y: 52.278821399154644
  z: 103.47937069740397
  yaw: 142.45996
  pitch: 37.199997
afk: false
