timestamps:
  login: 1377892178816
  logout: 1377892830767
ipAddress: 190.97.33.111
lastlocation:
  world: world
  x: -516.0
  y: 43.0
  z: 116.3
  yaw: -270.1
  pitch: 30.8
money: '0.0'
afk: false
logoutlocation:
  world: world
  x: -562.2827465127904
  y: 43.0
  z: 168.00006071906253
  yaw: -213.00003
  pitch: 31.499998
