timestamps:
  login: 1382227795556
  lastteleport: 1382227848188
  logout: 1382226952869
ipAddress: 201.185.151.179
lastlocation:
  world: world
  x: 1405.300000011921
  y: 45.0
  z: -3063.9178789305624
  yaw: -320.54382
  pitch: 77.099884
afk: true
logoutlocation:
  world: world
  x: 1521.321203389543
  y: 97.0
  z: -2989.704256155984
  yaw: -85.79175
  pitch: 3.9001958
money: '0.0'
