timestamps:
  login: 1379191706234
  lastteleport: 1379191785286
  logout: 1379192593142
ipAddress: 187.175.223.115
lastlocation:
  world: world
  x: -568.5153559091673
  y: 43.0
  z: 162.89512492239996
  yaw: 261.75052
  pitch: 12.072169
money: '0.00985315000015029'
logoutlocation:
  world: world
  x: -568.5153559091673
  y: 43.0
  z: 162.89512492239996
  yaw: 269.21155
  pitch: 8.99997
