timestamps:
  login: 1377672148054
  logout: 1377672157657
ipAddress: 24.91.45.239
lastlocation:
  world: world
  x: -516.0
  y: 43.0
  z: 116.3
  yaw: -270.1
  pitch: 30.8
logoutlocation:
  world: world
  x: -516.0
  y: 43.0
  z: 116.3
  yaw: -270.36658
  pitch: 30.26686
