timestamps:
  login: 1377918502434
  logout: 1377918503435
ipAddress: 96.236.77.250
lastlocation:
  world: world
  x: -516.0
  y: 43.0
  z: 116.3
  yaw: -270.1
  pitch: 30.8
logoutlocation:
  world: world
  x: -516.0
  y: 43.0
  z: 116.3
  yaw: -276.84995
  pitch: 16.249998
