timestamps:
  login: 1379199409243
  logout: 1379199434224
ipAddress: 201.230.7.117
lastlocation:
  world: world
  x: -516.0
  y: 43.0
  z: 116.3
  yaw: -270.1
  pitch: 30.8
logoutlocation:
  world: world
  x: -515.7260396961557
  y: 43.0
  z: 116.2997970544573
  yaw: -270.1
  pitch: 33.35
