timestamps:
  login: 1378625955056
  logout: 1378626156514
ipAddress: 190.172.216.180
lastlocation:
  world: world
  x: -516.0
  y: 43.0
  z: 116.3
  yaw: -270.1
  pitch: 30.8
money: '0.0'
logoutlocation:
  world: world
  x: -517.7736968360173
  y: 20.0
  z: 243.37310625020396
  yaw: 262.94897
  pitch: 5.5499897
