timestamps:
  login: 1378699416681
  logout: 1378699430381
ipAddress: 189.167.1.32
lastlocation:
  world: world
  x: -516.0
  y: 43.0
  z: 116.3
  yaw: -270.1
  pitch: 30.8
logoutlocation:
  world: world
  x: -516.5
  y: 43.0
  z: 116.5
  yaw: -327.78894
  pitch: 7.4999585
