timestamps:
  login: 1377650899861
  logout: 1377651107733
ipAddress: 66.214.85.189
lastlocation:
  world: world
  x: -516.0
  y: 43.0
  z: 116.3
  yaw: -270.1
  pitch: 30.8
money: '0.0'
logoutlocation:
  world: world
  x: -613.0276736484262
  y: 37.740552159999986
  z: 77.69320055070887
  yaw: -338.1201
  pitch: -7.1664314
