timestamps:
  login: 1377613678221
  logout: 1377613687577
ipAddress: 98.192.180.251
lastlocation:
  world: world
  x: -516.0
  y: 43.0
  z: 116.3
  yaw: -270.1
  pitch: 30.8
logoutlocation:
  world: world
  x: -516.0
  y: 43.0
  z: 116.3
  yaw: -267.22443
  pitch: 19.77678
