timestamps:
  login: 1377582514794
  logout: 1377582521393
ipAddress: 74.97.122.162
lastlocation:
  world: world
  x: -516.0
  y: 43.0
  z: 116.3
  yaw: -270.1
  pitch: 30.8
logoutlocation:
  world: world
  x: -516.5
  y: 43.0
  z: 116.5
  yaw: -348.48883
  pitch: 19.79996
