timestamps:
  login: 1378044383771
  logout: 1378044417452
ipAddress: 74.72.52.206
lastlocation:
  world: world
  x: -516.0
  y: 43.0
  z: 116.3
  yaw: -270.1
  pitch: 30.8
logoutlocation:
  world: world
  x: -516.0
  y: 43.0
  z: 116.3
  yaw: -12.100067
  pitch: -4.150001
