timestamps:
  login: 1377724097371
  logout: 1377724138571
ipAddress: 187.139.162.153
lastlocation:
  world: world
  x: -516.0
  y: 43.0
  z: 116.3
  yaw: -270.1
  pitch: 30.8
logoutlocation:
  world: world
  x: -518.4358632968074
  y: 43.0
  z: 116.50130597269163
  yaw: -283.68884
  pitch: 10.500019
