timestamps:
  login: 1379292059369
  lastteleport: 1379294554202
  logout: 1379294648508
ipAddress: 187.139.205.2
lastlocation:
  world: Recursos
  x: 73.42010479827644
  y: 63.0
  z: 578.1382331849595
  yaw: 128.39574
  pitch: 24.150229
money: '215.2550000000000056'
logoutlocation:
  world: Parcelas
  x: 9.079292112305819
  y: 65.0
  z: -106.95349488311862
  yaw: 282.77612
  pitch: 3.749886
