timestamps:
  login: 1377909861686
  logout: 1377909910795
ipAddress: 69.61.157.61
lastlocation:
  world: world
  x: -516.0
  y: 43.0
  z: 116.3
  yaw: -270.1
  pitch: 30.8
money: '0.0'
logoutlocation:
  world: world
  x: -560.7251296973398
  y: 43.0
  z: 174.6328410217291
  yaw: -189.01813
  pitch: -6.652334
