timestamps:
  login: 1378017708968
  logout: 1378017727431
ipAddress: 67.186.8.212
lastlocation:
  world: world
  x: -516.0
  y: 43.0
  z: 116.3
  yaw: -270.1
  pitch: 30.8
logoutlocation:
  world: world
  x: -523.074999988079
  y: 46.0
  z: 117.30410713816534
  yaw: 94.10004
  pitch: 21.649988
