timestamps:
  login: 1378059373856
  logout: 1378059398768
ipAddress: 88.159.129.157
lastlocation:
  world: world
  x: -516.0
  y: 43.0
  z: 116.3
  yaw: -270.1
  pitch: 30.8
logoutlocation:
  world: world
  x: -516.0
  y: 43.0
  z: 116.3
  yaw: -286.38675
  pitch: 48.692493
