timestamps:
  login: 1378162842869
  logout: 1378162860304
ipAddress: 173.27.178.68
lastlocation:
  world: world
  x: -516.0
  y: 43.0
  z: 116.3
  yaw: -270.1
  pitch: 30.8
logoutlocation:
  world: world
  x: -515.4218261134844
  y: 43.0
  z: 114.81443184344435
  yaw: -179.16878
  pitch: 24.041603
