timestamps:
  login: 1378136289570
  logout: 1378136376335
ipAddress: 74.219.235.90
lastlocation:
  world: world
  x: -516.0
  y: 43.0
  z: 116.3
  yaw: -270.1
  pitch: 30.8
logoutlocation:
  world: world
  x: -520.3531450421984
  y: 43.0
  z: 114.09262481321142
  yaw: -268.68884
  pitch: 6.299958
