timestamps:
  login: 1378773013942
  logout: 1378773401318
ipAddress: 190.179.116.135
lastlocation:
  world: world
  x: -516.0
  y: 43.0
  z: 116.3
  yaw: -270.1
  pitch: 30.8
money: '0.0'
logoutlocation:
  world: world
  x: -508.7921448698173
  y: 40.0
  z: 183.71517827219293
  yaw: 9.450004
  pitch: 1.0499958
