timestamps:
  login: 1378554995239
  lastteleport: 1378412715794
  logout: 1378554997535
ipAddress: 37.11.194.74
lastlocation:
  world: world
  x: -503.2623129790348
  y: 26.0
  z: 278.4473919907633
  yaw: -151.04434
  pitch: 9.749911
logoutlocation:
  world: world
  x: -414.27973104813753
  y: 20.0
  z: 350.9133936438484
  yaw: -329.89017
  pitch: 1.4999986
