timestamps:
  login: 1377953815238
  logout: 1377953929538
ipAddress: 86.154.50.49
lastlocation:
  world: world
  x: -516.0
  y: 43.0
  z: 116.3
  yaw: -270.1
  pitch: 30.8
money: '0.0'
logoutlocation:
  world: world
  x: -680.1909866313241
  y: 38.33455457789319
  z: 157.61783949204766
  yaw: -269.4703
  pitch: 14.582208
