timestamps:
  login: 1376801862203
  logout: 1376800435052
  kits:
    kitinicial: 1376801871801
ipAddress: 127.0.0.1
logoutlocation:
  world: world
  x: -924.304222594348
  y: 20.0
  z: 367.0383320822395
  yaw: 11.399985
  pitch: 8.549999
