timestamps:
  login: 1378091437460
  logout: 1378091518960
ipAddress: 69.172.17.90
lastlocation:
  world: world
  x: -516.0
  y: 43.0
  z: 116.3
  yaw: -270.1
  pitch: 30.8
money: '0.0'
logoutlocation:
  world: world
  x: -438.3759867861638
  y: 33.729538900097225
  z: 175.47696350546698
  yaw: 182.8826
  pitch: 47.074566
