timestamps:
  login: 1378214072233
  logout: 1378214073400
ipAddress: 71.190.135.75
lastlocation:
  world: world
  x: -516.0
  y: 43.0
  z: 116.3
  yaw: -270.1
  pitch: 30.8
money: '0.0'
logoutlocation:
  world: world
  x: -566.3101996893237
  y: 44.0
  z: 164.63394019494692
  yaw: -159.744
  pitch: 25.190401
