timestamps:
  login: 1378944672966
  logout: 1378944775990
ipAddress: 201.157.1.235
lastlocation:
  world: world
  x: -516.0
  y: 43.0
  z: 116.3
  yaw: -270.1
  pitch: 30.8
money: '0.0'
logoutlocation:
  world: world
  x: -503.7957684433519
  y: 40.0
  z: 182.99531822416566
  yaw: 5.6999817
  pitch: 11.699993
