timestamps:
  login: 1377646706061
  logout: 1377646752223
ipAddress: 90.196.213.249
lastlocation:
  world: world
  x: -516.0
  y: 43.0
  z: 116.3
  yaw: -270.1
  pitch: 30.8
logoutlocation:
  world: world
  x: -515.6052537763914
  y: 43.0
  z: 116.75874278878415
  yaw: -276.9552
  pitch: 6.710676
