timestamps:
  login: 1378134069091
  logout: 1378134196129
ipAddress: 216.119.45.48
lastlocation:
  world: world
  x: -516.0
  y: 43.0
  z: 116.3
  yaw: -270.1
  pitch: 30.8
logoutlocation:
  world: world
  x: -516.0
  y: 43.0
  z: 116.3
  yaw: -153.69989
  pitch: 8.449999
