timestamps:
  login: 1378111421568
  logout: 1378111476918
ipAddress: 79.144.190.82
lastlocation:
  world: world
  x: -516.0
  y: 43.0
  z: 116.3
  yaw: -270.1
  pitch: 30.8
money: '0.0'
logoutlocation:
  world: world
  x: -578.1653099652159
  y: 43.0
  z: 172.55129203371519
  yaw: 116.99994
  pitch: 26.09999
