timestamps:
  login: 1378671904328
  logout: 1378672524639
ipAddress: 181.130.85.91
lastlocation:
  world: world
  x: -516.0
  y: 43.0
  z: 116.3
  yaw: -270.1
  pitch: 30.8
money: '0.0'
logoutlocation:
  world: world
  x: -527.9582624735255
  y: 20.0
  z: 258.5664946431845
  yaw: -71.55478
  pitch: 2.008624
