timestamps:
  login: 1377672054704
  logout: 1377672062655
ipAddress: 89.123.212.117
lastlocation:
  world: world
  x: -516.0
  y: 43.0
  z: 116.3
  yaw: -270.1
  pitch: 30.8
logoutlocation:
  world: world
  x: -516.5
  y: 43.0
  z: 116.5
  yaw: -271.98883
  pitch: 6.449959
