timestamps:
  login: 1377876244469
  lastteleport: 1377876398570
  logout: 1377876474489
ipAddress: 188.76.68.189
lastlocation:
  world: PvP
  x: 269.6286576373834
  y: 64.0
  z: 402.50788452897825
  yaw: 160.34686
  pitch: 54.00003
money: '0.0'
logoutlocation:
  world: Parcelas
  x: 21.45218194161683
  y: 66.0
  z: 0.6075965900040454
  yaw: 282.3264
  pitch: 0.2999681
