timestamps:
  login: 1378155742178
  logout: 1378155799828
ipAddress: 90.208.2.132
lastlocation:
  world: world
  x: -516.0
  y: 43.0
  z: 116.3
  yaw: -270.1
  pitch: 30.8
logoutlocation:
  world: world
  x: -522.4985904675414
  y: 43.5
  z: 112.92588808311416
  yaw: -287.5888
  pitch: 11.99996
