timestamps:
  login: 1379227079575
  lastteleport: 1379089451489
  logout: 1379227081417
ipAddress: 201.141.223.226
lastlocation:
  world: world
  x: -568.5153559091673
  y: 43.0
  z: 162.89512492239996
  yaw: 216.43065
  pitch: 10.332821
money: '358.0500881938633209'
logoutlocation:
  world: Parcelas
  x: 172.67619366152496
  y: 65.0
  z: 60.86627764118636
  yaw: -207.94067
  pitch: 15.295214
