timestamps:
  login: 1377647485237
  logout: 1377647630104
ipAddress: 190.209.151.70
lastlocation:
  world: world
  x: -516.0
  y: 43.0
  z: 116.3
  yaw: -270.1
  pitch: 30.8
money: '0.0'
logoutlocation:
  world: world
  x: -462.300000011921
  y: 13.0
  z: 44.631842176364316
  yaw: -224.84985
  pitch: -65.25004
