timestamps:
  login: 1377658137172
  logout: 1377658151123
ipAddress: 24.44.89.4
lastlocation:
  world: world
  x: -516.0
  y: 43.0
  z: 116.3
  yaw: -270.1
  pitch: 30.8
logoutlocation:
  world: world
  x: -516.0
  y: 43.0
  z: 116.3
  yaw: -288.69992
  pitch: 3.0500028
