timestamps:
  login: 1377900323191
  logout: 1377900471141
ipAddress: 65.183.137.247
lastlocation:
  world: world
  x: -516.0
  y: 43.0
  z: 116.3
  yaw: -270.1
  pitch: 30.8
logoutlocation:
  world: world
  x: -513.6042121519989
  y: 43.0
  z: 116.35973011435615
  yaw: -97.1499
  pitch: 21.950008
