timestamps:
  login: 1378227980083
  logout: 1378228020883
ipAddress: 82.161.50.117
lastlocation:
  world: world
  x: -516.0
  y: 43.0
  z: 116.3
  yaw: -270.1
  pitch: 30.8
logoutlocation:
  world: world
  x: -522.4941516808966
  y: 44.0
  z: 122.36751608282798
  yaw: -242.35002
  pitch: 7.6999993
