timestamps:
  login: 1378498918727
  lastteleport: 1377818114801
  logout: 1378498935680
ipAddress: 190.22.106.175
lastlocation:
  world: world
  x: -795.5
  y: 20.0
  z: 333.5
  yaw: 21.430573
  pitch: 5.8273087
money: '0.0'
logoutlocation:
  world: Parcelas
  x: 97.55062331217812
  y: 65.0
  z: 0.0811369160429636
  yaw: -38.776466
  pitch: 4.878794
