timestamps:
  login: 1377999926650
  lastteleport: 1378000022781
  logout: 1378000508569
ipAddress: 190.51.81.9
lastlocation:
  world: world
  x: -515.3122096776497
  y: 43.0
  z: 111.32948950653108
  yaw: -183.24988
  pitch: 26.249998
money: '0.0'
logoutlocation:
  world: Recursos
  x: 507.94633182633
  y: 70.0
  z: 755.2502989410581
  yaw: -24.363647
  pitch: 17.699997
