timestamps:
  login: 1378246944985
  logout: 1378246976794
ipAddress: 190.104.131.16
lastlocation:
  world: world
  x: -516.0
  y: 43.0
  z: 116.3
  yaw: -270.1
  pitch: 30.8
logoutlocation:
  world: world
  x: -526.2182170663173
  y: 46.0
  z: 115.22495862459719
  yaw: -211.59943
  pitch: 34.04998
