timestamps:
  login: 1378312673572
  logout: 1378312688054
ipAddress: 190.136.211.173
lastlocation:
  world: world
  x: -516.0
  y: 43.0
  z: 116.3
  yaw: -270.1
  pitch: 30.8
logoutlocation:
  world: world
  x: -516.5
  y: 43.0
  z: 116.5
  yaw: -135.18857
  pitch: 5.0999494
