timestamps:
  login: 1378077388464
  logout: 1378077586128
ipAddress: 186.53.68.168
lastlocation:
  world: world
  x: -516.0
  y: 43.0
  z: 116.3
  yaw: -270.1
  pitch: 30.8
money: '0.0'
logoutlocation:
  world: world
  x: -512.5048336142812
  y: 39.0
  z: 35.848189535029846
  yaw: 79.049576
  pitch: -10.500062
