timestamps:
  login: 1378774542142
  logout: 1378774616836
ipAddress: 200.105.99.71
lastlocation:
  world: world
  x: -516.0
  y: 43.0
  z: 116.3
  yaw: -270.1
  pitch: 30.8
money: '0.0'
logoutlocation:
  world: world
  x: -561.3126121504822
  y: 43.0
  z: 168.23913129535327
  yaw: -174.9
  pitch: 34.05
