timestamps:
  login: 1377704063781
  logout: 1377704117980
ipAddress: 70.109.62.163
lastlocation:
  world: world
  x: -516.0
  y: 43.0
  z: 116.3
  yaw: -270.1
  pitch: 30.8
logoutlocation:
  world: world
  x: -516.0
  y: 43.0
  z: 116.3
  yaw: -263.05005
  pitch: 29.749998
