timestamps:
  login: 1378609037560
  logout: 1378609085805
ipAddress: 186.107.67.182
lastlocation:
  world: world
  x: -516.0
  y: 43.0
  z: 116.3
  yaw: -270.1
  pitch: 30.8
logoutlocation:
  world: world
  x: -516.0398454872711
  y: 43.0
  z: 114.62245526521848
  yaw: -201.55
  pitch: 24.949999
