timestamps:
  login: 1377989925580
  logout: 1377989982841
ipAddress: 63.163.108.90
lastlocation:
  world: world
  x: -516.0
  y: 43.0
  z: 116.3
  yaw: -270.1
  pitch: 30.8
logoutlocation:
  world: world
  x: -516.0
  y: 43.0
  z: 116.3
  yaw: -282.10007
  pitch: -2.2000003
