timestamps:
  login: 1377632416322
  logout: 1377632423589
ipAddress: 76.123.71.130
lastlocation:
  world: world
  x: -516.0
  y: 43.0
  z: 116.3
  yaw: -270.1
  pitch: 30.8
logoutlocation:
  world: world
  x: -516.0
  y: 43.0
  z: 116.3
  yaw: -272.09988
  pitch: 44.491325
