timestamps:
  login: 1379563213187
  logout: 1379563810641
ipAddress: 190.20.152.214
lastlocation:
  world: world
  x: -516.0
  y: 43.0
  z: 116.3
  yaw: -270.1
  pitch: 30.8
afk: false
logoutlocation:
  world: world
  x: -516.5
  y: 43.0
  z: 116.5
  yaw: -234.93886
  pitch: -6.0000486
