timestamps:
  login: 1379335022231
  lastteleport: 1379251693462
  logout: 1379335258381
ipAddress: 91.117.64.49
lastlocation:
  world: Recursos
  x: -131.39089225525169
  y: 8.0
  z: 551.5623608447697
  yaw: 359.10297
  pitch: 57.15005
money: '4022.8312407319397228'
logoutlocation:
  world: Parcelas
  x: 122.65281520020653
  y: 44.0
  z: 103.85482736104397
  yaw: 187.7992
  pitch: 2.0999925
homes:
  home:
    world: Parcelas
    x: 122.42514870693171
    y: 65.0
    z: 103.94444378769957
    yaw: 212.85095
    pitch: 8.249999
