timestamps:
  login: 1378665737173
  logout: 1378665760290
ipAddress: 201.191.110.91
lastlocation:
  world: world
  x: -516.0
  y: 43.0
  z: 116.3
  yaw: -270.1
  pitch: 30.8
logoutlocation:
  world: world
  x: -516.0
  y: 43.0
  z: 116.3
  yaw: -91.74997
  pitch: 19.250021
