timestamps:
  login: 1378411219399
  logout: 1378411448666
ipAddress: 189.215.146.208
lastlocation:
  world: world
  x: -516.0
  y: 43.0
  z: 116.3
  yaw: -270.1
  pitch: 30.8
money: '0.0'
logoutlocation:
  world: world
  x: -699.4356086570323
  y: 20.0
  z: 153.53524620321662
  yaw: -172.281
  pitch: 24.584923
