timestamps:
  login: 1377803221648
  logout: 1377803423119
ipAddress: 187.208.229.4
lastlocation:
  world: world
  x: -516.0
  y: 43.0
  z: 116.3
  yaw: -270.1
  pitch: 30.8
money: '0.0'
logoutlocation:
  world: world
  x: -514.3687527087018
  y: 40.0
  z: 194.25767765150405
  yaw: 59.099895
  pitch: -5.100018
