timestamps:
  login: 1378529273085
  logout: 1378529287535
ipAddress: 186.57.54.55
lastlocation:
  world: world
  x: -516.0
  y: 43.0
  z: 116.3
  yaw: -270.1
  pitch: 30.8
logoutlocation:
  world: world
  x: -519.0834215288061
  y: 43.0
  z: 116.50383341102861
  yaw: -269.58887
  pitch: 8.549959
