timestamps:
  login: 1377970869513
  logout: 1377970918673
ipAddress: 174.101.96.41
lastlocation:
  world: world
  x: -516.0
  y: 43.0
  z: 116.3
  yaw: -270.1
  pitch: 30.8
logoutlocation:
  world: world
  x: -515.6894651195869
  y: 43.0
  z: 116.2997970544573
  yaw: -270.1
  pitch: 30.8
