timestamps:
  login: 1377976846288
  logout: 1377976908353
ipAddress: 186.57.131.80
lastlocation:
  world: world
  x: -516.0
  y: 43.0
  z: 116.3
  yaw: -270.1
  pitch: 30.8
money: '0.0'
logoutlocation:
  world: world
  x: -567.7226874686999
  y: 43.0
  z: 162.25840620780158
  yaw: -69.10993
  pitch: 1.3258504
