timestamps:
  login: 1379277738533
  logout: 1379277751587
ipAddress: 181.163.225.19
lastlocation:
  world: world
  x: -516.0
  y: 43.0
  z: 116.3
  yaw: -270.1
  pitch: 30.8
logoutlocation:
  world: world
  x: -516.5
  y: 43.0
  z: 116.5
  yaw: -266.73883
  pitch: 6.1499586
