timestamps:
  login: 1377824401880
  logout: 1377824611221
ipAddress: 189.235.36.85
lastlocation:
  world: world
  x: -516.0
  y: 43.0
  z: 116.3
  yaw: -270.1
  pitch: 30.8
money: '0.0'
logoutlocation:
  world: world
  x: -515.0992631562957
  y: 40.0
  z: 163.40113823732085
  yaw: 218.48312
  pitch: -0.18252513
