timestamps:
  login: 1378577796303
  logout: 1378577823236
ipAddress: 201.209.199.105
lastlocation:
  world: world
  x: -516.0
  y: 43.0
  z: 116.3
  yaw: -270.1
  pitch: 30.8
logoutlocation:
  world: world
  x: -516.0
  y: 43.0
  z: 116.3
  yaw: -276.69992
  pitch: 46.100002
