timestamps:
  login: 1378175728483
  logout: 1378175730883
ipAddress: 75.183.184.181
lastlocation:
  world: world
  x: -516.0
  y: 43.0
  z: 116.3
  yaw: -270.1
  pitch: 30.8
money: '0.0'
logoutlocation:
  world: world
  x: -510.16523896331586
  y: 63.0
  z: 114.42909599399312
  yaw: -328.65002
  pitch: 42.59998
