timestamps:
  login: 1379204745135
  logout: 1379205201610
ipAddress: 200.114.242.54
lastlocation:
  world: world
  x: -516.0
  y: 43.0
  z: 116.3
  yaw: -270.1
  pitch: 30.8
logoutlocation:
  world: world
  x: -1373.0267875336099
  y: 20.0
  z: 303.5409802278085
  yaw: 90.54299
  pitch: 12.698811
