timestamps:
  login: 1378079787389
  logout: 1378079826239
ipAddress: 50.167.18.52
lastlocation:
  world: world
  x: -516.0
  y: 43.0
  z: 116.3
  yaw: -270.1
  pitch: 30.8
money: '0.0'
logoutlocation:
  world: world
  x: -488.07338658636127
  y: 21.172119561617297
  z: 156.1248593841375
  yaw: -173.67883
  pitch: 19.69351
