timestamps:
  login: 1379100214951
  logout: 1379100557799
ipAddress: 190.148.248.97
lastlocation:
  world: world
  x: -516.0
  y: 43.0
  z: 116.3
  yaw: -270.1
  pitch: 30.8
money: '0.0'
logoutlocation:
  world: world
  x: -767.031631817045
  y: 20.0
  z: 166.33050461194236
  yaw: 224.39984
  pitch: 0.7499837
