timestamps:
  login: 1377993048780
  logout: 1377993118866
ipAddress: 69.245.98.111
lastlocation:
  world: world
  x: -516.0
  y: 43.0
  z: 116.3
  yaw: -270.1
  pitch: 30.8
money: '0.0'
logoutlocation:
  world: world
  x: -547.0628296137204
  y: 20.0
  z: 256.44018837024765
  yaw: 69.07193
  pitch: 7.3841295
