timestamps:
  login: 1378762822307
  lastteleport: 1378763739268
  logout: 1378763960868
ipAddress: 189.167.61.43
lastlocation:
  world: world
  x: -568.5153559091673
  y: 43.0
  z: 162.89512492239996
  yaw: 109.39154
  pitch: 78.0662
logoutlocation:
  world: Recursos
  x: 405.36532813903136
  y: 12.0
  z: 296.69999998807907
  yaw: -12.234497
  pitch: 7.489963
money: '204.3250000000000056'
