timestamps:
  login: 1377963016866
  logout: 1377963876788
ipAddress: 190.144.99.18
lastlocation:
  world: world
  x: -516.0
  y: 43.0
  z: 116.3
  yaw: -270.1
  pitch: 30.8
money: '0.0'
logoutlocation:
  world: world
  x: -747.3240802025311
  y: 29.0
  z: 161.9714733986353
  yaw: -7.050537
  pitch: 20.850004
