timestamps:
  login: 1378065471227
  logout: 1378065479799
ipAddress: 74.166.246.247
lastlocation:
  world: world
  x: -516.0
  y: 43.0
  z: 116.3
  yaw: -270.1
  pitch: 30.8
logoutlocation:
  world: world
  x: -516.0
  y: 43.0
  z: 116.3
  yaw: -304.59995
  pitch: 12.950003
