timestamps:
  login: 1377997389848
  logout: 1377997399564
ipAddress: 187.209.100.2
lastlocation:
  world: world
  x: -516.0
  y: 43.0
  z: 116.3
  yaw: -270.1
  pitch: 30.8
logoutlocation:
  world: world
  x: -516.5
  y: 43.0
  z: 116.5
  yaw: -270.48883
  pitch: 6.599959
