timestamps:
  login: 1378038497624
  logout: 1378038508456
ipAddress: 201.161.162.167
lastlocation:
  world: world
  x: -516.0
  y: 43.0
  z: 116.3
  yaw: -270.1
  pitch: 30.8
logoutlocation:
  world: world
  x: -516.0
  y: 43.0
  z: 116.3
  yaw: -82.38895
  pitch: 7.4576244
