timestamps:
  login: 1377921543997
  logout: 1377921637248
ipAddress: 204.14.77.33
lastlocation:
  world: world
  x: -516.0
  y: 43.0
  z: 116.3
  yaw: -270.1
  pitch: 30.8
logoutlocation:
  world: world
  x: -523.9250000119209
  y: 44.0
  z: 116.9877510874913
  yaw: -40.92331
  pitch: 8.58802
