timestamps:
  login: 1379381995463
  lastteleport: 1379033693619
  logout: 1379382031513
ipAddress: 190.130.183.92
lastlocation:
  world: world
  x: -565.7491771145129
  y: 43.0
  z: 155.72742002010253
  yaw: 278.96155
  pitch: 90.0
money: '0.0'
logoutlocation:
  world: PvP
  x: 217.9013977457654
  y: 64.0
  z: 430.9817887841477
  yaw: 314.2467
  pitch: 22.199923
