timestamps:
  login: 1378222937529
  lastteleport: 1378080183813
  logout: 1378222953383
ipAddress: 189.172.41.195
lastlocation:
  world: Recursos
  x: -259.7279297954361
  y: 72.0
  z: -130.12701600029408
  yaw: -161.80414
  pitch: 18.71321
money: '817.3636607812500971'
logoutlocation:
  world: world
  x: -487.92787307151303
  y: 13.0
  z: 65.34268276194476
  yaw: -174.33835
  pitch: 0.59996545
