timestamps:
  login: 1378181811433
  logout: 1378181843383
ipAddress: 181.33.251.206
lastlocation:
  world: world
  x: -516.0
  y: 43.0
  z: 116.3
  yaw: -270.1
  pitch: 30.8
logoutlocation:
  world: world
  x: -516.8458761502889
  y: 43.0
  z: 116.43346784809138
  yaw: -278.08722
  pitch: 36.944008
