timestamps:
  login: 1378312256442
  logout: 1378312257115
ipAddress: 181.165.117.174
lastlocation:
  world: world
  x: -516.0
  y: 43.0
  z: 116.3
  yaw: -270.1
  pitch: 30.8
logoutlocation:
  world: world
  x: -516.5
  y: 43.0
  z: 116.5
  yaw: -270.18884
  pitch: 7.0499587
