timestamps:
  login: 1379719428779
  lastteleport: 1379715588768
  logout: 1379719683429
ipAddress: 200.74.110.141
lastlocation:
  world: Recursos
  x: 89.90197347928255
  y: 63.0
  z: 535.0877745088209
  yaw: -177.00426
  pitch: -9.44976
money: '15.7'
logoutlocation:
  world: Recursos
  x: 4.300000011920929
  y: 72.0
  z: 635.7191944719586
  yaw: 102.380356
  pitch: 1.3500016
