timestamps:
  login: 1379215701132
  lastteleport: 1379216115514
  logout: 1379216219233
ipAddress: 189.182.169.205
lastlocation:
  world: Recursos
  x: 140.10606116041328
  y: 63.0
  z: 906.8570784438065
  yaw: -274.09326
  pitch: 22.69016
money: '0.0'
logoutlocation:
  world: PvP
  x: -25.973578243898388
  y: 64.45611674838005
  z: 578.7868532107434
  yaw: 49.068176
  pitch: 14.550008
