timestamps:
  login: 1378239728900
  logout: 1378239731598
ipAddress: 173.81.202.198
lastlocation:
  world: world
  x: -516.0
  y: 43.0
  z: 116.3
  yaw: -270.1
  pitch: 30.8
logoutlocation:
  world: world
  x: -516.0
  y: 43.0
  z: 116.3
  yaw: -273.85007
  pitch: 22.400005
