timestamps:
  login: 1378249385029
  logout: 1378249465598
ipAddress: 67.191.75.196
lastlocation:
  world: world
  x: -516.0
  y: 43.0
  z: 116.3
  yaw: -270.1
  pitch: 30.8
money: '0.0'
logoutlocation:
  world: world
  x: -576.8473247608048
  y: 43.0
  z: 169.13684893037407
  yaw: 59.84996
  pitch: 23.249996
