timestamps:
  login: 1379116888752
  logout: 1379116953901
ipAddress: 186.59.48.147
lastlocation:
  world: world
  x: -516.0
  y: 43.0
  z: 116.3
  yaw: -270.1
  pitch: 30.8
logoutlocation:
  world: world
  x: -519.4468617931228
  y: 44.0
  z: 116.30270594051107
  yaw: -200.95004
  pitch: -16.0
