timestamps:
  login: 1378697922456
  logout: 1378697930381
ipAddress: 190.161.139.179
lastlocation:
  world: world
  x: -516.0
  y: 43.0
  z: 116.3
  yaw: -270.1
  pitch: 30.8
logoutlocation:
  world: world
  x: -516.5
  y: 43.0
  z: 116.5
  yaw: -289.23883
  pitch: 6.299958
