timestamps:
  login: 1378093766118
  logout: 1378094051918
ipAddress: 189.190.154.197
lastlocation:
  world: world
  x: -516.0
  y: 43.0
  z: 116.3
  yaw: -270.1
  pitch: 30.8
money: '0.0'
logoutlocation:
  world: world
  x: -515.9209476598531
  y: 20.0
  z: 274.4732661741215
  yaw: -15.899952
  pitch: 49.65
