timestamps:
  login: 1377647723124
  logout: 1377647762604
ipAddress: 181.131.216.10
lastlocation:
  world: world
  x: -516.0
  y: 43.0
  z: 116.3
  yaw: -270.1
  pitch: 30.8
money: '0.0'
logoutlocation:
  world: world
  x: -567.6745063589361
  y: 43.0
  z: 169.00366139507892
  yaw: -141.29999
  pitch: 0.7500001
