timestamps:
  login: 1377969398878
  logout: 1377969408026
ipAddress: 177.81.118.178
lastlocation:
  world: world
  x: -516.0
  y: 43.0
  z: 116.3
  yaw: -270.1
  pitch: 30.8
logoutlocation:
  world: world
  x: -509.47655817916035
  y: 44.0
  z: 115.22110087829563
  yaw: -133.15005
  pitch: 8.900004
