timestamps:
  login: 1377804990192
  lastteleport: 1377805065160
  logout: 1377805352331
ipAddress: 186.53.17.143
lastlocation:
  world: world
  x: -566.3690702150495
  y: 43.0
  z: 163.01762459264424
  yaw: -97.131256
  pitch: 5.8740234
money: '0.0'
logoutlocation:
  world: Recursos
  x: -78.5
  y: 72.0
  z: 1286.5
  yaw: 1.6724732
  pitch: 39.02193
