timestamps:
  login: 1379117783859
  logout: 1379117816409
ipAddress: 190.178.41.54
lastlocation:
  world: world
  x: -516.0
  y: 43.0
  z: 116.3
  yaw: -270.1
  pitch: 30.8
money: '0.0'
logoutlocation:
  world: world
  x: -686.0471559769
  y: 20.0
  z: 242.23481658229468
  yaw: -195.60014
  pitch: 6.4500203
