timestamps:
  login: 1377958234101
  logout: 1377958238453
ipAddress: 112.207.187.51
lastlocation:
  world: world
  x: -516.0
  y: 43.0
  z: 116.3
  yaw: -270.1
  pitch: 30.8
logoutlocation:
  world: world
  x: -516.5
  y: 43.0
  z: 116.5
  yaw: -270.18884
  pitch: 7.0499587
