timestamps:
  login: 1378858991824
  lastteleport: 1378859680160
  logout: 1378860183053
ipAddress: 189.167.9.231
lastlocation:
  world: world
  x: -557.0750272227684
  y: 43.0
  z: 165.65783944301864
  yaw: 117.108215
  pitch: 7.539764
money: '328.27800000000000471'
logoutlocation:
  world: Recursos
  x: 346.16500156341453
  y: 64.0
  z: 575.5434145249892
  yaw: 264.8713
  pitch: -24.808613
