timestamps:
  login: 1378081433842
  lastteleport: 1378081473978
  logout: 1378081690896
ipAddress: 190.117.240.58
lastlocation:
  world: world
  x: -511.55619142043247
  y: 43.0
  z: 116.14140508331174
  yaw: -137.13867
  pitch: 4.4999595
money: '0.0'
logoutlocation:
  world: Parcelas
  x: 182.64776832527312
  y: 65.0
  z: 12.70172559857584
  yaw: -268.0236
  pitch: 12.449798
