timestamps:
  login: 1377594574421
  logout: 1377594612570
ipAddress: 212.159.44.105
lastlocation:
  world: world
  x: -516.0
  y: 43.0
  z: 116.3
  yaw: -270.1
  pitch: 30.8
logoutlocation:
  world: world
  x: -515.246994301
  y: 43.0
  z: 116.62565171276033
  yaw: -7.2998962
  pitch: 63.3
