timestamps:
  login: 1378174506819
  logout: 1378174515884
ipAddress: 189.154.34.218
lastlocation:
  world: world
  x: -516.0
  y: 43.0
  z: 116.3
  yaw: -270.1
  pitch: 30.8
logoutlocation:
  world: world
  x: -516.7739592624328
  y: 43.0
  z: 116.50038334111014
  yaw: -265.8187
  pitch: 6.726246
