timestamps:
  login: 1377977114165
  lastteleport: 1377977523052
  logout: 1377977533546
ipAddress: 189.154.34.218
lastlocation:
  world: Recursos
  x: 213.3261251907857
  y: 63.0
  z: 522.4728403036497
  yaw: 8.440216
  pitch: 23.74976
money: '60.7999999999999997'
homes:
  home:
    world: Recursos
    x: 234.23449556618291
    y: 64.0
    z: 489.2778147882015
    yaw: 332.54605
    pitch: 17.250011
logoutlocation:
  world: world
  x: -568.5
  y: 43.0
  z: 162.5
  yaw: 211.48994
  pitch: -22.431622
