timestamps:
  login: 1378949012765
  logout: 1378949456742
ipAddress: 181.134.25.239
lastlocation:
  world: world
  x: -516.0
  y: 43.0
  z: 116.3
  yaw: -270.1
  pitch: 30.8
money: '0.0'
logoutlocation:
  world: world
  x: -645.3497269518042
  y: 20.0
  z: 28.811951615131687
  yaw: -277.49945
  pitch: 13.200016
