timestamps:
  login: 1378579940725
  lastteleport: 1378580283368
  logout: 1378580349545
ipAddress: 24.232.85.241
lastlocation:
  world: PvP
  x: 1147.5075001711834
  y: 64.0
  z: 638.5468117426966
  yaw: 254.03587
  pitch: 17.40894
money: '0.0'
logoutlocation:
  world: PvP
  x: 1353.4032874618886
  y: 63.0
  z: 529.6595007039364
  yaw: 229.52957
  pitch: 20.34654
