timestamps:
  login: 1378064183688
  logout: 1378064191734
ipAddress: 189.4.15.157
lastlocation:
  world: world
  x: -516.0
  y: 43.0
  z: 116.3
  yaw: -270.1
  pitch: 30.8
logoutlocation:
  world: world
  x: -516.5
  y: 43.0
  z: 116.5
  yaw: -328.07892
  pitch: 21.634665
