timestamps:
  login: 1378663836664
  lastteleport: 1378663933509
  logout: 1378663982563
ipAddress: 92.83.196.42
lastlocation:
  world: PvP
  x: 240.30000001192093
  y: 5.0
  z: 365.30000001192093
  yaw: -78.45285
  pitch: -4.6500216
money: '0.0'
logoutlocation:
  world: world
  x: -580.6999999880791
  y: 44.5
  z: 160.8294793714976
  yaw: 204.86127
  pitch: 32.249966
