timestamps:
  login: 1378675827073
  logout: 1378675835723
ipAddress: 201.157.28.109
lastlocation:
  world: world
  x: -516.0
  y: 43.0
  z: 116.3
  yaw: -270.1
  pitch: 30.8
logoutlocation:
  world: world
  x: -516.5
  y: 43.0
  z: 116.5
  yaw: -270.48883
  pitch: 6.8999586
