timestamps:
  login: 1378302887191
  logout: 1378303087330
ipAddress: 181.29.82.60
lastlocation:
  world: world
  x: -516.0
  y: 43.0
  z: 116.3
  yaw: -270.1
  pitch: 30.8
money: '0.0'
afk: false
logoutlocation:
  world: world
  x: -986.7788998025087
  y: 20.0
  z: 117.989407333668
  yaw: 7.3481445
  pitch: 25.800037
