timestamps:
  login: 1378069998855
  logout: 1378070001013
ipAddress: 186.134.153.112
lastlocation:
  world: world
  x: -516.0
  y: 43.0
  z: 116.3
  yaw: -270.1
  pitch: 30.8
logoutlocation:
  world: world
  x: -516.5
  y: 43.0
  z: 116.5
  yaw: -190.20146
  pitch: 0.61587095
