timestamps:
  login: 1379373026209
  logout: 1379373034958
ipAddress: 190.224.240.85
lastlocation:
  world: world
  x: -516.0
  y: 43.0
  z: 116.3
  yaw: -270.1
  pitch: 30.8
money: '0.0'
logoutlocation:
  world: world
  x: -996.4182355842166
  y: 20.0
  z: 94.09011463352513
  yaw: 89.8993
  pitch: 2.666572
