timestamps:
  login: 1378657089907
  logout: 1378657255786
ipAddress: 190.111.237.1
lastlocation:
  world: world
  x: -516.0
  y: 43.0
  z: 116.3
  yaw: -270.1
  pitch: 30.8
money: '0.0'
logoutlocation:
  world: world
  x: -585.0592590994829
  y: 43.0
  z: 142.74138600318332
  yaw: -19.764832
  pitch: 80.85
