timestamps:
  login: 1377876828869
  logout: 1377876831819
ipAddress: 195.198.149.74
lastlocation:
  world: world
  x: -516.0
  y: 43.0
  z: 116.3
  yaw: -270.1
  pitch: 30.8
logoutlocation:
  world: world
  x: -516.5
  y: 43.0
  z: 116.5
  yaw: -112.84832
  pitch: -1.947197
