timestamps:
  login: 1379393890266
  logout: 1379393910916
ipAddress: 190.160.150.132
lastlocation:
  world: world
  x: -516.0
  y: 43.0
  z: 116.3
  yaw: -270.1
  pitch: 30.8
logoutlocation:
  world: world
  x: -516.0
  y: 43.0
  z: 116.3
  yaw: 153.79996
  pitch: -2.9999976
