timestamps:
  login: 1378223365933
  logout: 1378223430883
ipAddress: 72.70.98.17
lastlocation:
  world: world
  x: -516.0
  y: 43.0
  z: 116.3
  yaw: -270.1
  pitch: 30.8
money: '0.0'
logoutlocation:
  world: world
  x: -676.3770049165031
  y: 26.87530579869606
  z: 131.08456954925072
  yaw: 152.24997
  pitch: 5.5500016
