timestamps:
  login: 1378544389959
  logout: 1378544462535
ipAddress: 188.171.28.184
lastlocation:
  world: world
  x: -516.0
  y: 43.0
  z: 116.3
  yaw: -270.1
  pitch: 30.8
money: '0.0'
logoutlocation:
  world: world
  x: -629.3975632984668
  y: 37.5
  z: 155.54060786208103
  yaw: 96.899956
  pitch: 3.5999978
