timestamps:
  login: 1379519739323
  logout: 1379519843171
ipAddress: 186.153.184.91
lastlocation:
  world: world
  x: -516.0
  y: 43.0
  z: 116.3
  yaw: -270.1
  pitch: 30.8
money: '0.0'
logoutlocation:
  world: world
  x: -561.3538782240023
  y: 43.0
  z: 181.58892857761688
  yaw: 12.761664
  pitch: 6.6317997
