timestamps:
  login: 1378666722623
  lastteleport: 1377630276720
  logout: 1378666732370
ipAddress: 92.83.196.42
lastlocation:
  world: PvP
  x: 345.30000001192093
  y: 62.0
  z: 380.69999998807907
  yaw: 24.296913
  pitch: 12.749945
money: '0.0'
logoutlocation:
  world: PvP
  x: 172.25959654673866
  y: 73.0
  z: 396.8716128222593
  yaw: 193.19695
  pitch: -90.0
