timestamps:
  login: 1377834871566
  logout: 1377834906157
ipAddress: 190.160.128.207
lastlocation:
  world: world
  x: -516.0
  y: 43.0
  z: 116.3
  yaw: -270.1
  pitch: 30.8
logoutlocation:
  world: world
  x: -517.1984047074487
  y: 43.0
  z: 110.77887993698047
  yaw: -142.45059
  pitch: 8.000018
