timestamps:
  login: 1379135484107
  logout: 1379135484957
ipAddress: 190.117.240.58
lastlocation:
  world: world
  x: -516.0
  y: 43.0
  z: 116.3
  yaw: -270.1
  pitch: 30.8
logoutlocation:
  world: world
  x: -516.5
  y: 43.0
  z: 116.5
  yaw: -253.53885
  pitch: 14.849958
