timestamps:
  login: 1379729803780
  logout: 1379729878491
ipAddress: 181.64.102.21
lastlocation:
  world: world
  x: -516.0
  y: 43.0
  z: 116.3
  yaw: -270.1
  pitch: 30.8
logoutlocation:
  world: world
  x: -516.0
  y: 43.0
  z: 116.3
  yaw: -353.84366
  pitch: -11.002388
