timestamps:
  login: 1378044365602
  logout: 1378044369877
ipAddress: 82.10.200.160
lastlocation:
  world: world
  x: -516.0
  y: 43.0
  z: 116.3
  yaw: -270.1
  pitch: 30.8
logoutlocation:
  world: world
  x: -516.0
  y: 43.0
  z: 116.3
  yaw: -164.92711
  pitch: 22.460299
