timestamps:
  login: 1378155660395
  logout: 1378155757317
ipAddress: 189.203.69.118
lastlocation:
  world: world
  x: -516.0
  y: 43.0
  z: 116.3
  yaw: -270.1
  pitch: 30.8
money: '0.0'
logoutlocation:
  world: world
  x: -502.9250000119208
  y: 40.0
  z: 153.90256737383598
  yaw: 348.6
  pitch: 17.699999
