timestamps:
  login: 1377717382228
  logout: 1377717469978
ipAddress: 190.179.221.97
lastlocation:
  world: world
  x: -516.0
  y: 43.0
  z: 116.3
  yaw: -270.1
  pitch: 30.8
money: '0.0'
logoutlocation:
  world: world
  x: -537.3635334415437
  y: 43.0
  z: 163.2235694618854
  yaw: -90.9
  pitch: 11.100005
