timestamps:
  login: 1377644110002
  logout: 1377644131865
ipAddress: 69.139.88.231
lastlocation:
  world: world
  x: -516.0
  y: 43.0
  z: 116.3
  yaw: -270.1
  pitch: 30.8
logoutlocation:
  world: world
  x: -516.0
  y: 43.0
  z: 116.3
  yaw: -2.9499207
  pitch: 3.6499996
