timestamps:
  login: 1378186885583
  logout: 1378186950884
ipAddress: 122.3.185.78
lastlocation:
  world: world
  x: -516.0
  y: 43.0
  z: 116.3
  yaw: -270.1
  pitch: 30.8
logoutlocation:
  world: world
  x: -517.1875492587965
  y: 43.0
  z: 110.95385469718211
  yaw: -77.641266
  pitch: 10.650007
