timestamps:
  login: 1377609833571
  logout: 1377609847570
ipAddress: 82.31.157.199
lastlocation:
  world: world
  x: -516.0
  y: 43.0
  z: 116.3
  yaw: -270.1
  pitch: 30.8
logoutlocation:
  world: world
  x: -516.0
  y: 43.0
  z: 116.3
  yaw: -263.65002
  pitch: -2.8000007
