timestamps:
  login: 1378737613205
  lastteleport: 1378737437199
  logout: 1378737664412
ipAddress: 84.121.183.10
lastlocation:
  world: world
  x: -414.2690803652333
  y: 20.0
  z: 355.8478631072817
  yaw: -353.73877
  pitch: 8.399952
money: '0.0'
logoutlocation:
  world: Recursos
  x: 89.95009313999141
  y: 48.0
  z: 559.7630530771949
  yaw: 289.19998
  pitch: 50.999973
