timestamps:
  login: 1377579954727
  logout: 1377582288893
ipAddress: 70.181.88.114
lastlocation:
  world: world
  x: -516.0
  y: 43.0
  z: 116.3
  yaw: -270.1
  pitch: 30.8
logoutlocation:
  world: world
  x: -523.8410333462342
  y: 46.0
  z: 110.96714066307727
  yaw: -341.89746
  pitch: 44.7462
