timestamps:
  login: 1378860367695
  lastteleport: 1378860396229
  logout: 1378860500911
ipAddress: 201.223.77.173
lastlocation:
  world: Recursos
  x: -4.477184591116075
  y: 64.0
  z: 941.4048286893631
  yaw: -332.8549
  pitch: -27.30003
money: '0.0'
logoutlocation:
  world: Parcelas
  x: -123.80061352802541
  y: 57.0
  z: 129.06415556659624
  yaw: -292.35315
  pitch: 56.852386
