timestamps:
  login: 1378160271730
  logout: 1378160398383
ipAddress: 67.202.158.152
lastlocation:
  world: world
  x: -516.0
  y: 43.0
  z: 116.3
  yaw: -270.1
  pitch: 30.8
money: '0.0'
logoutlocation:
  world: world
  x: -575.8441236034023
  y: 43.0
  z: 148.55861994712467
  yaw: -204.39705
  pitch: 33.021427
