timestamps:
  login: 1377698993856
  logout: 1377698995207
ipAddress: 74.14.29.227
lastlocation:
  world: world
  x: -516.0
  y: 43.0
  z: 116.3
  yaw: -270.1
  pitch: 30.8
logoutlocation:
  world: world
  x: -516.0
  y: 43.0
  z: 116.3
  yaw: -300.40005
  pitch: 3.499999
