timestamps:
  login: 1378058953163
  logout: 1378059073610
ipAddress: 70.89.236.42
lastlocation:
  world: world
  x: -516.0
  y: 43.0
  z: 116.3
  yaw: -270.1
  pitch: 30.8
money: '0.0'
logoutlocation:
  world: world
  x: -519.7955229938209
  y: 40.0
  z: 155.86746136632956
  yaw: 270.21054
  pitch: 22.986006
