timestamps:
  login: 1378087561299
  logout: 1378088123416
ipAddress: 189.220.33.198
lastlocation:
  world: world
  x: -516.0
  y: 43.0
  z: 116.3
  yaw: -270.1
  pitch: 30.8
money: '0.0'
logoutlocation:
  world: world
  x: -570.5679619462401
  y: 33.0
  z: 88.45925341144466
  yaw: 94.80121
  pitch: 27.149965
