timestamps:
  login: 1379286612789
  logout: 1379286899768
ipAddress: 201.203.136.202
lastlocation:
  world: world
  x: -516.0
  y: 43.0
  z: 116.3
  yaw: -270.1
  pitch: 30.8
logoutlocation:
  world: world
  x: -509.46136310412373
  y: 44.0
  z: 114.20880310848155
  yaw: -301.2381
  pitch: 43.349976
