timestamps:
  login: 1382224903501
  lastteleport: 1382222694609
  logout: 1382226960369
ipAddress: 186.93.138.241
lastlocation:
  world: world
  x: 1537.3831900637153
  y: 134.10800830775707
  z: -3268.917964702438
  yaw: 358.95935
  pitch: 55.050213
logoutlocation:
  world: world
  x: 1311.4029845293496
  y: 76.0
  z: -3273.6002747672655
  yaw: 106.20972
  pitch: -46.349995
afk: false
