timestamps:
  login: 1382121461628
  lastteleport: 1382121531118
  logout: 1382122053558
ipAddress: 186.93.138.241
lastlocation:
  world: PvP
  x: 274.7852987203159
  y: 55.6307132509522
  z: 458.30000001192093
  yaw: 327.59683
  pitch: -46.20009
logoutlocation:
  world: PvP
  x: 328.5177342775539
  y: 76.36023418807493
  z: 422.7322754960726
  yaw: 311.5476
  pitch: 4.3499875
