timestamps:
  login: 1381813442060
  lastteleport: 1381813453297
  logout: 1381814049989
ipAddress: 186.93.204.3
lastlocation:
  world: world
  x: -1136.8803408468702
  y: 20.0
  z: 140.5208075032956
  yaw: 271.31277
  pitch: 2.249952
logoutlocation:
  world: world
  x: -537.5398609174274
  y: 17.5
  z: 179.25739942339771
  yaw: 5.4450016
  pitch: 22.650023
afk: false
godmode: false
money: '99800.0'
