timestamps:
  login: 1379730708832
  lastteleport: 1379731952110
  logout: 1379732398058
  kits:
    fullsword: 1377645263837
    mobspawn: 1379267831782
    kitinicial: 1377977008542
    armorprotiv: 1377980239956
ipAddress: 190.207.219.45
lastlocation:
  world: PvP
  x: 179.03381026494375
  y: 97.0
  z: 400.1517918050879
  yaw: 223.49796
  pitch: 39.600075
godmode: false
afk: false
logoutlocation:
  world: Parcelas
  x: 8.886172131727982
  y: 65.0
  z: -14.513826297305275
  yaw: 307.6765
  pitch: 33.149807
ban:
  timeout: 0
nickname: ยง6Hammet
money: '32590.0'
homes:
  home:
    world: world
    x: -488.46270680416774
    y: 26.460077743683723
    z: 287.43996616249456
    yaw: 26.194092
    pitch: 19.20036
