timestamps:
  login: 1381722418352
  lastteleport: 1381721297805
  logout: 1381724695722
ipAddress: 186.93.204.3
lastlocation:
  world: world
  x: -570.3000000119209
  y: 41.0082485204041
  z: 116.30000001192093
  yaw: 24.267584
  pitch: 37.649998
logoutlocation:
  world: world
  x: -569.3000000119209
  y: 43.0
  z: 96.85053750024257
  yaw: -103.988556
  pitch: 24.149982
afk: false
godmode: false
