timestamps:
  login: 1378246671301
  logout: 1378246710454
ipAddress: 186.34.162.175
lastlocation:
  world: world
  x: -516.0
  y: 43.0
  z: 116.3
  yaw: -270.1
  pitch: 30.8
logoutlocation:
  world: world
  x: -516.5
  y: 43.0
  z: 116.5
  yaw: -270.78888
  pitch: 10.199959
