timestamps:
  login: 1378009256661
  logout: 1378009334823
ipAddress: 58.107.66.194
lastlocation:
  world: world
  x: -516.0
  y: 43.0
  z: 116.3
  yaw: -270.1
  pitch: 30.8
money: '0.0'
logoutlocation:
  world: world
  x: -665.7716614137976
  y: 32.893736416854374
  z: 147.82156062795994
  yaw: 98.85001
  pitch: 36.300003
