timestamps:
  login: 1377911037383
  logout: 1377911045588
ipAddress: 24.15.232.31
lastlocation:
  world: world
  x: -516.0
  y: 43.0
  z: 116.3
  yaw: -270.1
  pitch: 30.8
logoutlocation:
  world: world
  x: -516.0
  y: 43.0
  z: 116.3
  yaw: -310.14996
  pitch: 22.850002
