timestamps:
  login: 1379710046272
  logout: 1379710062772
ipAddress: 186.7.1.90
lastlocation:
  world: world
  x: -516.0
  y: 43.0
  z: 116.3
  yaw: -270.1
  pitch: 30.8
logoutlocation:
  world: world
  x: -516.0
  y: 43.0
  z: 116.3
  yaw: -251.00024
  pitch: -63.72072
