timestamps:
  login: 1379620679227
  lastteleport: 1379598188559
  logout: 1379621102627
ipAddress: 88.7.102.23
lastlocation:
  world: Parcelas
  x: 76.7250122639097
  y: 44.0
  z: -8.949999988079071
  yaw: 223.37517
  pitch: 6.1500945
money: '34263.5048676476669131'
homes:
  home:
    world: PvP
    x: 2571.664015461025
    y: 44.0
    z: 742.3333058618049
    yaw: -96.170105
    pitch: 5.7000117
logoutlocation:
  world: Parcelas
  x: 182.81376716837227
  y: 65.0
  z: 70.8749515605633
  yaw: 89.822464
  pitch: 12.087398
afk: false
