timestamps:
  login: 1377625559221
ipAddress: 89.100.6.167
lastlocation:
  world: world
  x: -516.0
  y: 43.0
  z: 116.3
  yaw: -270.1
  pitch: 30.8
logoutlocation:
  world: world
  x: -516.5
  y: 43.0
  z: 116.5
  yaw: -270.18884
  pitch: 7.0499587
