timestamps:
  login: 1378594960507
  lastteleport: 1378595059862
  logout: 1378595146407
ipAddress: 201.240.159.64
lastlocation:
  world: world
  x: -1035.4422893207363
  y: 20.0
  z: 177.9745760280709
  yaw: 113.06354
  pitch: 11.841962
money: '0.0'
logoutlocation:
  world: PvP
  x: 397.00956583493587
  y: 63.0
  z: 383.079747851857
  yaw: -102.75304
  pitch: 12.899943
