timestamps:
  login: 1377562967697
  logout: 1377563032840
ipAddress: 67.184.232.195
lastlocation:
  world: world
  x: -516.0
  y: 43.0
  z: 116.3
  yaw: -270.1
  pitch: 30.8
logoutlocation:
  world: world
  x: -515.122931230573
  y: 43.0
  z: 116.4998791575427
  yaw: -214.88405
  pitch: 28.037817
