timestamps:
  login: 1377921128394
  logout: 1377921132230
ipAddress: 50.82.214.151
lastlocation:
  world: world
  x: -516.0
  y: 43.0
  z: 116.3
  yaw: -270.1
  pitch: 30.8
logoutlocation:
  world: world
  x: -516.5
  y: 43.0
  z: 116.5
  yaw: 44.361202
  pitch: 4.7999597
