timestamps:
  login: 1378569680607
  lastteleport: 1378569742359
  logout: 1378570065422
ipAddress: 188.79.221.43
lastlocation:
  world: world
  x: -699.4370817032665
  y: 20.0
  z: 184.95807498377872
  yaw: -73.704216
  pitch: -22.704754
money: '0.0'
logoutlocation:
  world: Recursos
  x: 128.7718793497288
  y: 77.44999999999992
  z: 189.48149220838295
  yaw: -157.78868
  pitch: 36.84333
