timestamps:
  login: 1377991852190
  logout: 1377992107018
  lastteleport: 1377992020578
ipAddress: 186.23.244.140
lastlocation:
  world: world
  x: -845.1476956262323
  y: 20.0
  z: 156.9841581505089
  yaw: -73.94998
  pitch: 3.1499915
logoutlocation:
  world: PvP
  x: 354.26814281241445
  y: 64.0
  z: 377.8078584320041
  yaw: -89.253204
  pitch: 18.150038
money: '0.0'
