timestamps:
  login: 1379284189989
  logout: 1379284224839
ipAddress: 186.108.103.77
lastlocation:
  world: world
  x: -516.0
  y: 43.0
  z: 116.3
  yaw: -270.1
  pitch: 30.8
money: '0.0'
logoutlocation:
  world: world
  x: -559.5894471868622
  y: 43.0
  z: 159.69554082777512
  yaw: -267.9003
  pitch: 88.34998
