timestamps:
  login: 1379112802357
  logout: 1379112898558
ipAddress: 189.186.239.117
lastlocation:
  world: world
  x: -516.0
  y: 43.0
  z: 116.3
  yaw: -270.1
  pitch: 30.8
money: '0.0'
logoutlocation:
  world: world
  x: -702.2665627213495
  y: 20.0
  z: 183.70738554093722
  yaw: 156.15004
  pitch: 7.3499985
