timestamps:
  login: 1377876093619
  logout: 1377876139319
ipAddress: 46.102.57.125
lastlocation:
  world: world
  x: -516.0
  y: 43.0
  z: 116.3
  yaw: -270.1
  pitch: 30.8
logoutlocation:
  world: world
  x: -515.2505682271777
  y: 43.0
  z: 114.87967487281384
  yaw: -179.64998
  pitch: 22.1
