timestamps:
  login: 1378068330940
  logout: 1378068452550
ipAddress: 189.78.252.142
lastlocation:
  world: world
  x: -516.0
  y: 43.0
  z: 116.3
  yaw: -270.1
  pitch: 30.8
money: '0.0'
logoutlocation:
  world: world
  x: -557.4565704989559
  y: 43.0
  z: 165.71882142194963
  yaw: -107.835815
  pitch: -7.1890516
