timestamps:
  login: 1378011051257
  logout: 1378011187564
ipAddress: 60.240.61.219
lastlocation:
  world: world
  x: -516.0
  y: 43.0
  z: 116.3
  yaw: -270.1
  pitch: 30.8
logoutlocation:
  world: world
  x: -516.0
  y: 43.0
  z: 116.3
  yaw: -108.694626
  pitch: -8.909599
