timestamps:
  login: 1379181130213
  lastteleport: 1379083765768
  logout: 1379181133312
ipAddress: 80.102.121.247
lastlocation:
  world: world
  x: -510.7171923210176
  y: 40.0
  z: 160.98068621782855
  yaw: -235.64807
  pitch: -74.90617
money: '0.0'
logoutlocation:
  world: world
  x: -568.5153559091673
  y: 43.0
  z: 162.89512492239996
  yaw: 269.21155
  pitch: 8.99997
