timestamps:
  login: 1377597936570
  logout: 1377598037570
ipAddress: 143.238.7.106
lastlocation:
  world: world
  x: -516.0
  y: 43.0
  z: 116.3
  yaw: -270.1
  pitch: 30.8
money: '0.0'
logoutlocation:
  world: world
  x: -509.70338012620357
  y: 71.81103997699857
  z: 136.13410232666757
  yaw: -227.99992
  pitch: 16.350002
