timestamps:
  login: 1377605171056
  logout: 1377605180070
ipAddress: 77.164.70.55
lastlocation:
  world: world
  x: -516.0
  y: 43.0
  z: 116.3
  yaw: -270.1
  pitch: 30.8
logoutlocation:
  world: world
  x: -516.0
  y: 43.0
  z: 116.3
  yaw: -270.62198
  pitch: 30.973993
