timestamps:
  login: 1377973239165
  logout: 1377973263721
ipAddress: 173.56.58.90
lastlocation:
  world: world
  x: -516.0
  y: 43.0
  z: 116.3
  yaw: -270.1
  pitch: 30.8
logoutlocation:
  world: world
  x: -516.0
  y: 43.0
  z: 116.3
  yaw: -269.84738
  pitch: 30.042141
