timestamps:
  login: 1378057560352
  logout: 1378057591762
ipAddress: 187.175.131.13
lastlocation:
  world: world
  x: -516.0
  y: 43.0
  z: 116.3
  yaw: -270.1
  pitch: 30.8
logoutlocation:
  world: world
  x: -517.1370270734353
  y: 43.0
  z: 116.50095835275715
  yaw: -265.08884
  pitch: 5.6999583
