timestamps:
  login: 1379222508919
  logout: 1379222541001
ipAddress: 201.240.233.58
lastlocation:
  world: world
  x: -516.0
  y: 43.0
  z: 116.3
  yaw: -270.1
  pitch: 30.8
logoutlocation:
  world: world
  x: -516.7928046378759
  y: 43.0
  z: 118.18083267548504
  yaw: -268.71954
  pitch: -20.46984
