timestamps:
  login: 1379225444420
  logout: 1379225446416
ipAddress: 187.151.131.117
lastlocation:
  world: world
  x: -516.0
  y: 43.0
  z: 116.3
  yaw: -270.1
  pitch: 30.8
money: '0.0'
logoutlocation:
  world: world
  x: -570.053113909147
  y: 44.0
  z: 170.83780573962983
  yaw: 33.4115
  pitch: 1.4999707
