timestamps:
  login: 1378211784983
  logout: 1378211930913
ipAddress: 88.0.61.148
lastlocation:
  world: world
  x: -516.0
  y: 43.0
  z: 116.3
  yaw: -270.1
  pitch: 30.8
money: '0.0'
logoutlocation:
  world: world
  x: -587.4165050911563
  y: 43.0
  z: 159.5802801093982
  yaw: -284.06482
  pitch: 8.550032
