timestamps:
  login: 1381715891124
  logout: 1381715897760
ipAddress: 201.210.210.41
lastlocation:
  world: world
  x: -516.0
  y: 43.0
  z: 116.3
  yaw: -270.1
  pitch: 30.8
logoutlocation:
  world: world
  x: -525.8997455293986
  y: 46.5
  z: 114.5102141198158
  yaw: -176.58838
  pitch: 30.449903
