timestamps:
  login: 1377939313379
  logout: 1377939337229
ipAddress: 80.1.143.228
lastlocation:
  world: world
  x: -516.0
  y: 43.0
  z: 116.3
  yaw: -270.1
  pitch: 30.8
logoutlocation:
  world: world
  x: -514.6930128906948
  y: 43.0
  z: 115.7945308394019
  yaw: -56.83368
  pitch: 2.6697218
