timestamps:
  login: 1378150423887
  logout: 1378150434625
ipAddress: 92.29.115.153
lastlocation:
  world: world
  x: -516.0
  y: 43.0
  z: 116.3
  yaw: -270.1
  pitch: 30.8
logoutlocation:
  world: world
  x: -515.750772454727
  y: 43.0
  z: 116.29983087871805
  yaw: -264.24997
  pitch: 7.399998
