timestamps:
  login: 1377522265573
  logout: 1377522483723
ipAddress: 186.60.174.52
lastlocation:
  world: world
  x: -516.0
  y: 43.0
  z: 116.3
  yaw: -270.1
  pitch: 30.8
logoutlocation:
  world: world
  x: -514.3000000119209
  y: 43.0
  z: 113.30000001192093
  yaw: -164.7793
  pitch: 16.618324
