timestamps:
  login: 1378094599621
  logout: 1378094604418
ipAddress: 69.81.197.117
lastlocation:
  world: world
  x: -516.0
  y: 43.0
  z: 116.3
  yaw: -270.1
  pitch: 30.8
logoutlocation:
  world: world
  x: -516.5
  y: 43.0
  z: 116.5
  yaw: -259.53885
  pitch: 5.6999564
