timestamps:
  login: 1377569956609
  logout: 1377569997860
ipAddress: 69.234.96.125
lastlocation:
  world: world
  x: -516.0
  y: 43.0
  z: 116.3
  yaw: -270.1
  pitch: 30.8
logoutlocation:
  world: world
  x: -516.0066253857748
  y: 43.0
  z: 116.24341089123946
  yaw: -107.50002
  pitch: 20.699999
