timestamps:
  login: 1378768606451
  logout: 1378768631063
ipAddress: 190.185.154.205
lastlocation:
  world: world
  x: -516.0
  y: 43.0
  z: 116.3
  yaw: -270.1
  pitch: 30.8
logoutlocation:
  world: world
  x: -516.0
  y: 43.0
  z: 116.3
  yaw: -273.59592
  pitch: 31.49918
