timestamps:
  login: 1379270128706
  logout: 1379270177489
ipAddress: 190.100.239.115
lastlocation:
  world: world
  x: -516.0
  y: 43.0
  z: 116.3
  yaw: -270.1
  pitch: 30.8
money: '0.0'
logoutlocation:
  world: world
  x: -502.92500001192093
  y: 40.0
  z: 172.96374598301213
  yaw: -93.9
  pitch: 71.399994
