timestamps:
  login: 1379689553887
  logout: 1379689644786
ipAddress: 200.111.143.42
lastlocation:
  world: world
  x: -516.0
  y: 43.0
  z: 116.3
  yaw: -270.1
  pitch: 30.8
logoutlocation:
  world: world
  x: -516.525099716423
  y: 43.0
  z: 116.43807235799517
  yaw: 239.81117
  pitch: 36.59994
afk: false
