timestamps:
  login: 1378140018795
  logout: 1378140020725
ipAddress: 81.106.11.88
lastlocation:
  world: world
  x: -516.0
  y: 43.0
  z: 116.3
  yaw: -270.1
  pitch: 30.8
money: '0.0'
logoutlocation:
  world: world
  x: -509.2714654260144
  y: 40.0
  z: 157.1693237572703
  yaw: -138.00006
  pitch: -17.1
