timestamps:
  login: 1378130542748
  logout: 1378130547841
ipAddress: 69.207.195.90
lastlocation:
  world: world
  x: -516.0
  y: 43.0
  z: 116.3
  yaw: -270.1
  pitch: 30.8
logoutlocation:
  world: world
  x: -516.5
  y: 43.0
  z: 116.5
  yaw: -211.98888
  pitch: 70.049965
