timestamps:
  login: 1377808983653
  logout: 1377809008205
ipAddress: 76.64.99.28
lastlocation:
  world: world
  x: -516.0
  y: 43.0
  z: 116.3
  yaw: -270.1
  pitch: 30.8
logoutlocation:
  world: world
  x: -520.7826402798415
  y: 43.0
  z: 116.7178708984195
  yaw: -266.84732
  pitch: 10.901429
