timestamps:
  login: 1377972150688
  lastteleport: 1377972231729
  logout: 1377972273867
ipAddress: 200.50.51.144
lastlocation:
  world: world
  x: -572.3422179829972
  y: 43.0
  z: 166.30192538568318
  yaw: 86.24999
  pitch: 6.1499996
money: '0.0'
logoutlocation:
  world: world
  x: -486.06836644766895
  y: 13.0
  z: 185.16557399389578
  yaw: 7.6958613
  pitch: -1.6500858
