timestamps:
  login: 1377732226949
  logout: 1377732283128
ipAddress: 190.55.64.21
lastlocation:
  world: world
  x: -516.0
  y: 43.0
  z: 116.3
  yaw: -270.1
  pitch: 30.8
money: '0.0'
logoutlocation:
  world: world
  x: -470.7226390375913
  y: 13.0
  z: 16.355966381499897
  yaw: 228.75014
  pitch: 52.50002
