timestamps:
  login: 1378027006753
  logout: 1378027234840
ipAddress: 217.121.15.145
lastlocation:
  world: world
  x: -516.0
  y: 43.0
  z: 116.3
  yaw: -270.1
  pitch: 30.8
money: '0.0'
logoutlocation:
  world: world
  x: -658.3000000119209
  y: 20.561669562635647
  z: 110.30500829043312
  yaw: 31.0
  pitch: 61.0
