timestamps:
  login: 1379451955348
  logout: 1379452072147
ipAddress: 186.61.118.51
lastlocation:
  world: world
  x: -516.0
  y: 43.0
  z: 116.3
  yaw: -270.1
  pitch: 30.8
money: '0.0'
logoutlocation:
  world: world
  x: -657.7095743074001
  y: 26.0
  z: 145.03968921964682
  yaw: 109.04999
  pitch: 18.299988
