timestamps:
  login: 1379017170732
  logout: 1379017222682
ipAddress: 200.105.111.3
lastlocation:
  world: world
  x: -516.0
  y: 43.0
  z: 116.3
  yaw: -270.1
  pitch: 30.8
money: '0.0'
logoutlocation:
  world: world
  x: -551.2144323053263
  y: 20.0
  z: 253.62309024359246
  yaw: -31.950348
  pitch: 21.449997
