timestamps:
  login: 1378176539684
  logout: 1378176603383
ipAddress: 177.1.108.210
lastlocation:
  world: world
  x: -516.0
  y: 43.0
  z: 116.3
  yaw: -270.1
  pitch: 30.8
money: '0.0'
logoutlocation:
  world: world
  x: -488.9426063816591
  y: 46.630173004216836
  z: 157.88704175863873
  yaw: 251.07921
  pitch: 15.439976
