timestamps:
  login: 1379200030710
  logout: 1379200124525
ipAddress: 190.250.205.63
lastlocation:
  world: world
  x: -516.0
  y: 43.0
  z: 116.3
  yaw: -270.1
  pitch: 30.8
money: '0.0'
logoutlocation:
  world: world
  x: -564.1310508677043
  y: 43.0
  z: 166.58289192966555
  yaw: 235.95001
  pitch: -88.80001
