timestamps:
  login: 1377818740281
  logout: 1377818820060
ipAddress: 190.139.8.67
lastlocation:
  world: world
  x: -516.0
  y: 43.0
  z: 116.3
  yaw: -270.1
  pitch: 30.8
money: '0.0'
logoutlocation:
  world: world
  x: -570.965816417647
  y: 43.104080378093045
  z: 158.48246204660867
  yaw: 55.10077
  pitch: 2.3720295
