timestamps:
  login: 1378410559785
  logout: 1378410705794
ipAddress: 83.165.62.137
lastlocation:
  world: world
  x: -516.0
  y: 43.0
  z: 116.3
  yaw: -270.1
  pitch: 30.8
money: '0.0'
logoutlocation:
  world: world
  x: -735.0432730948489
  y: 20.0
  z: 154.38173946007876
  yaw: 88.949905
  pitch: 15.299987
