timestamps:
  login: 1377567628309
  lastteleport: 1377568329359
  logout: 1377568640359
ipAddress: 201.227.27.145
lastlocation:
  world: world
  x: -537.6999999880791
  y: 13.0
  z: 192.58732120322603
  yaw: 86.446075
  pitch: 4.4999237
money: '60.0'
logoutlocation:
  world: Recursos
  x: 242.42646468993223
  y: 64.0
  z: 447.37340119581444
  yaw: -134.40396
  pitch: -17.849995
