timestamps:
  login: 1379581711909
  lastteleport: 1379581330259
  logout: 1379582086109
ipAddress: 187.186.235.69
lastlocation:
  world: Recursos
  x: 155.24730754322061
  y: 66.0
  z: 700.012598985143
  yaw: -194.84149
  pitch: 41.342285
money: '84.9999999999999990'
logoutlocation:
  world: Recursos
  x: -35.86661734677682
  y: 10.0
  z: 763.6119238901517
  yaw: -46.922974
  pitch: 28.133646
