timestamps:
  login: 1377826431359
  logout: 1377826449433
ipAddress: 68.103.241.11
lastlocation:
  world: world
  x: -516.0
  y: 43.0
  z: 116.3
  yaw: -270.1
  pitch: 30.8
logoutlocation:
  world: world
  x: -516.0
  y: 43.0
  z: 116.3
  yaw: -333.38315
  pitch: 15.676807
