timestamps:
  login: 1378080607908
  logout: 1378080663740
ipAddress: 72.146.23.66
lastlocation:
  world: world
  x: -516.0
  y: 43.0
  z: 116.3
  yaw: -270.1
  pitch: 30.8
logoutlocation:
  world: world
  x: -516.0
  y: 43.0
  z: 116.3
  yaw: -120.013885
  pitch: 28.63481
