timestamps:
  login: 1377809199849
  logout: 1377809260691
ipAddress: 2.125.185.45
lastlocation:
  world: world
  x: -516.0
  y: 43.0
  z: 116.3
  yaw: -270.1
  pitch: 30.8
logoutlocation:
  world: world
  x: -565.2212588214722
  y: 43.0
  z: 170.2842999681487
  yaw: -41.7
  pitch: 7.200001
money: '0.0'
ban:
  reason: '§4Baneado:

    §r¡El Ban Hammer ha hablado!'
  timeout: 0
