timestamps:
  login: 1379544066991
  logout: 1379544108141
ipAddress: 181.31.99.42
lastlocation:
  world: world
  x: -516.0
  y: 43.0
  z: 116.3
  yaw: -270.1
  pitch: 30.8
logoutlocation:
  world: world
  x: -516.0
  y: 43.0
  z: 116.3
  yaw: -269.91748
  pitch: 30.982525
