timestamps:
  login: 1377625575081
  logout: 1377625587570
ipAddress: 67.81.140.115
lastlocation:
  world: world
  x: -516.0
  y: 43.0
  z: 116.3
  yaw: -270.1
  pitch: 30.8
logoutlocation:
  world: world
  x: -516.5
  y: 43.0
  z: 116.5
  yaw: -259.87668
  pitch: 8.249053
