timestamps:
  login: 1378152519215
  logout: 1378152543091
ipAddress: 24.54.48.85
lastlocation:
  world: world
  x: -516.0
  y: 43.0
  z: 116.3
  yaw: -270.1
  pitch: 30.8
logoutlocation:
  world: world
  x: -516.0
  y: 43.0
  z: 116.3
  yaw: -273.09497
  pitch: 31.465548
