timestamps:
  login: 1378152318491
  logout: 1378152328267
ipAddress: 186.130.8.195
lastlocation:
  world: world
  x: -516.0
  y: 43.0
  z: 116.3
  yaw: -270.1
  pitch: 30.8
logoutlocation:
  world: world
  x: -516.5
  y: 43.0
  z: 116.5
  yaw: -271.53885
  pitch: 5.699959
