timestamps:
  login: 1377968846389
  logout: 1377968982165
ipAddress: 24.127.183.222
lastlocation:
  world: world
  x: -516.0
  y: 43.0
  z: 116.3
  yaw: -270.1
  pitch: 30.8
logoutlocation:
  world: world
  x: -515.9998308787181
  y: 43.0
  z: 116.54922754527301
  yaw: -270.1
  pitch: 31.4144
