timestamps:
  login: 1378089586104
  logout: 1378089671625
ipAddress: 187.155.172.187
lastlocation:
  world: world
  x: -516.0
  y: 43.0
  z: 116.3
  yaw: -270.1
  pitch: 30.8
money: '0.0'
logoutlocation:
  world: world
  x: -583.0895263936509
  y: 43.0
  z: 165.97111679298274
  yaw: 88.05
  pitch: -0.14999661
