timestamps:
  login: 1377574079077
  logout: 1377574121278
ipAddress: 98.167.248.144
lastlocation:
  world: world
  x: -516.0
  y: 43.0
  z: 116.3
  yaw: -270.1
  pitch: 30.8
logoutlocation:
  world: world
  x: -516.0
  y: 43.0
  z: 116.3
  yaw: -270.69998
  pitch: 30.949999
