timestamps:
  login: 1377640216699
  lastteleport: 1377640250716
  logout: 1377640258154
ipAddress: 92.85.33.51
lastlocation:
  world: Parcelas
  x: -81.0
  y: 65.0
  z: 53.86650726107334
  yaw: 0.0
  pitch: 0.0
money: '0.0'
logoutlocation:
  world: Parcelas
  x: -80.41657801639201
  y: 65.5
  z: 49.38597050134569
  yaw: -98.09999
  pitch: 18.150011
