timestamps:
  login: 1378091150968
  logout: 1378091253970
ipAddress: 189.234.254.125
lastlocation:
  world: world
  x: -516.0
  y: 43.0
  z: 116.3
  yaw: -270.1
  pitch: 30.8
logoutlocation:
  world: world
  x: -516.0
  y: 43.0
  z: 116.3
  yaw: -275.95004
  pitch: -10.449999
