timestamps:
  login: 1377812599765
  logout: 1377812777011
ipAddress: 176.253.4.227
lastlocation:
  world: world
  x: -516.0
  y: 43.0
  z: 116.3
  yaw: -270.1
  pitch: 30.8
logoutlocation:
  world: world
  x: -505.57356865910674
  y: 43.0
  z: 121.69999998807907
  yaw: 5.599843
  pitch: 25.39999
