timestamps:
  login: 1377803935821
  logout: 1377804010171
ipAddress: 76.15.7.0
lastlocation:
  world: world
  x: -516.0
  y: 43.0
  z: 116.3
  yaw: -270.1
  pitch: 30.8
logoutlocation:
  world: world
  x: -510.7252124099232
  y: 44.0
  z: 114.06506085160335
  yaw: -64.75073
  pitch: 24.950006
