timestamps:
  login: 1378062114326
  logout: 1378062118065
ipAddress: 108.201.30.70
lastlocation:
  world: world
  x: -516.0
  y: 43.0
  z: 116.3
  yaw: -270.1
  pitch: 30.8
logoutlocation:
  world: world
  x: -515.4761105443622
  y: 43.0
  z: 116.29842530902242
  yaw: -352.37772
  pitch: 2.0999289
