timestamps:
  login: 1378170183611
  logout: 1378170210430
ipAddress: 75.140.244.189
lastlocation:
  world: world
  x: -516.0
  y: 43.0
  z: 116.3
  yaw: -270.1
  pitch: 30.8
logoutlocation:
  world: world
  x: -516.0
  y: 43.0
  z: 116.3
  yaw: -286.39786
  pitch: 17.800512
