timestamps:
  login: 1379452115147
  logout: 1379452117147
ipAddress: 186.133.24.142
lastlocation:
  world: world
  x: -516.0
  y: 43.0
  z: 116.3
  yaw: -270.1
  pitch: 30.8
logoutlocation:
  world: world
  x: -522.9005661047978
  y: 43.5
  z: 109.90757055553914
  yaw: -242.20001
  pitch: 90.0
