timestamps:
  login: 1377725141671
  lastteleport: 1377725732821
  logout: 1377725756071
ipAddress: 181.166.17.147
lastlocation:
  world: Recursos
  x: 126.44230312698372
  y: 36.0
  z: 640.5924883292103
  yaw: 27.747284
  pitch: 18.900023
money: '0.0'
logoutlocation:
  world: PvP
  x: 172.5
  y: 73.0
  z: 400.5
  yaw: 270.147
  pitch: 57.299923
