timestamps:
  login: 1379521043021
  logout: 1379521185671
ipAddress: 190.193.58.102
lastlocation:
  world: world
  x: -516.0
  y: 43.0
  z: 116.3
  yaw: -270.1
  pitch: 30.8
money: '0.0'
logoutlocation:
  world: world
  x: -794.1680175704523
  y: 20.5
  z: 160.83765523686918
  yaw: 74.10007
  pitch: 14.400017
