timestamps:
  login: 1379100774327
  lastteleport: 1378443320057
  logout: 1379100778029
ipAddress: 83.165.30.43
lastlocation:
  world: world
  x: -534.5585827417242
  y: 20.0
  z: 283.1246789963361
  yaw: 99.30562
  pitch: -1.9500978
money: '0.0'
logoutlocation:
  world: Recursos
  x: 81.92462750178896
  y: 63.5
  z: 498.05306719798995
  yaw: 176.39574
  pitch: 7.049594
