timestamps:
  login: 1376800235728
  logout: 1376800266778
ipAddress: 127.0.0.1
logoutlocation:
  world: world
  x: -917.0155821408531
  y: 20.0
  z: 357.8290067694026
  yaw: -0.29999414
  pitch: 2.5499966
