timestamps:
  login: 1377654784191
  logout: 1377654773182
ipAddress: 96.48.157.195
lastlocation:
  world: world
  x: -516.0
  y: 43.0
  z: 116.3
  yaw: -270.1
  pitch: 30.8
logoutlocation:
  world: world
  x: -516.0
  y: 43.0
  z: 116.3
  yaw: -106.45007
  pitch: 3.6500099
