timestamps:
  login: 1378659256059
  lastteleport: 1378659473352
  logout: 1378659817939
ipAddress: 187.163.12.122
lastlocation:
  world: world
  x: -875.7975157318552
  y: 21.5
  z: 53.11831810413139
  yaw: 343.19965
  pitch: 13.200063
money: '0.0'
logoutlocation:
  world: world
  x: -516.8750865803758
  y: 13.0
  z: 165.14056241229642
  yaw: -163.68759
  pitch: -20.550081
