timestamps:
  login: 1379012373972
  logout: 1379012396021
ipAddress: 190.177.250.134
lastlocation:
  world: world
  x: -516.0
  y: 43.0
  z: 116.3
  yaw: -270.1
  pitch: 30.8
logoutlocation:
  world: world
  x: -518.3818181042628
  y: 43.0
  z: 120.51226635510685
  yaw: -200.13887
  pitch: -2.2500353
