timestamps:
  login: 1379629171921
  logout: 1379629181021
ipAddress: 190.254.26.154
lastlocation:
  world: world
  x: -516.0
  y: 43.0
  z: 116.3
  yaw: -270.1
  pitch: 30.8
money: '0.0'
logoutlocation:
  world: world
  x: -529.9522748243465
  y: 43.0
  z: 137.40374952001528
  yaw: -224.98557
  pitch: 1.2288016
