timestamps:
  login: 1377754036411
  logout: 1377754055911
ipAddress: 186.53.26.218
lastlocation:
  world: world
  x: -516.0
  y: 43.0
  z: 116.3
  yaw: -270.1
  pitch: 30.8
money: '0.0'
logoutlocation:
  world: world
  x: -565.5202438123029
  y: 43.0
  z: 163.28769795678883
  yaw: 303.89978
  pitch: 11.850002
