timestamps:
  login: 1377710299622
  logout: 1377710352724
ipAddress: 62.194.180.161
lastlocation:
  world: world
  x: -516.0
  y: 43.0
  z: 116.3
  yaw: -270.1
  pitch: 30.8
money: '0.0'
logoutlocation:
  world: world
  x: -567.6509591353
  y: 43.0
  z: 175.93984290328854
  yaw: -195.7499
  pitch: -9.15
