timestamps:
  login: 1378101663517
  logout: 1378101756917
ipAddress: 99.120.150.110
lastlocation:
  world: world
  x: -516.0
  y: 43.0
  z: 116.3
  yaw: -270.1
  pitch: 30.8
logoutlocation:
  world: world
  x: -515.7946619867995
  y: 43.0
  z: 116.29791432730853
  yaw: -271.40823
  pitch: 14.913976
