timestamps:
  login: 1378102598067
  lastteleport: 1378102683467
  logout: 1378102749417
ipAddress: 181.165.200.8
lastlocation:
  world: world
  x: -577.5291656317885
  y: 43.0
  z: 162.61035266719463
  yaw: 91.16263
  pitch: 12.594498
money: '0.0'
logoutlocation:
  world: world
  x: -568.5153559091673
  y: 43.0
  z: 162.89512492239996
  yaw: 269.21155
  pitch: 9.239606
