timestamps:
  login: 1377976195545
  logout: 1377976312099
ipAddress: 174.119.14.15
lastlocation:
  world: world
  x: -516.0
  y: 43.0
  z: 116.3
  yaw: -270.1
  pitch: 30.8
money: '0.0'
logoutlocation:
  world: world
  x: -565.1096846046491
  y: 43.0
  z: 173.09033551791444
  yaw: 339.60007
  pitch: 8.25
