timestamps:
  login: 1378089692991
  lastteleport: 1378089712326
  logout: 1378089721551
ipAddress: 187.171.163.55
lastlocation:
  world: PvP
  x: 475.99025690354745
  y: 63.0
  z: 379.72921147300417
  yaw: 31.640705
  pitch: 34.5655
money: '0.0'
logoutlocation:
  world: PvP
  x: 1014.8070346927904
  y: 64.0
  z: 202.8071830934119
  yaw: 114.37423
  pitch: 0.5999762
homes:
  home:
    world: PvP
    x: 1014.8070346927904
    y: 64.0
    z: 202.8071830934119
    yaw: 182.17424
    pitch: 9.449976
