timestamps:
  login: 1377603827321
  logout: 1377603950070
ipAddress: 188.23.128.169
lastlocation:
  world: world
  x: -516.0
  y: 43.0
  z: 116.3
  yaw: -270.1
  pitch: 30.8
money: '0.0'
logoutlocation:
  world: world
  x: -713.6999999880791
  y: 20.0
  z: 171.300156523597
  yaw: -251.69997
  pitch: 16.35
