timestamps:
  login: 1377868471349
  logout: 1377868544482
ipAddress: 109.89.38.59
lastlocation:
  world: world
  x: -516.0
  y: 43.0
  z: 116.3
  yaw: -270.1
  pitch: 30.8
money: '0.0'
logoutlocation:
  world: world
  x: -468.548899911654
  y: 48.721171510051235
  z: 151.42180116104623
  yaw: -100.05
  pitch: -3.4500008
