timestamps:
  login: 1378069141194
  logout: 1378069718566
ipAddress: 200.82.160.17
lastlocation:
  world: world
  x: -516.0
  y: 43.0
  z: 116.3
  yaw: -270.1
  pitch: 30.8
money: '0.0'
logoutlocation:
  world: world
  x: -840.2767683890418
  y: 28.0
  z: 335.16974878497876
  yaw: 83.73682
  pitch: 26.100105
