timestamps:
  login: 1378512840430
  logout: 1378513010881
ipAddress: 186.79.89.37
lastlocation:
  world: world
  x: -516.0
  y: 43.0
  z: 116.3
  yaw: -270.1
  pitch: 30.8
money: '0.0'
logoutlocation:
  world: world
  x: -532.915572661909
  y: 43.0
  z: 181.0082235179336
  yaw: 16.911957
  pitch: 20.099966
