timestamps:
  login: 1377899474900
  logout: 1377899711151
ipAddress: 190.6.215.113
lastlocation:
  world: world
  x: -516.0
  y: 43.0
  z: 116.3
  yaw: -270.1
  pitch: 30.8
money: '0.0'
logoutlocation:
  world: world
  x: -457.6571837980892
  y: 13.0
  z: 134.2324553574339
  yaw: 274.28516
  pitch: 15.247271
