timestamps:
  login: 1377812490048
  logout: 1377812537013
ipAddress: 68.46.198.103
lastlocation:
  world: world
  x: -516.0
  y: 43.0
  z: 116.3
  yaw: -270.1
  pitch: 30.8
logoutlocation:
  world: world
  x: -516.0
  y: 43.0
  z: 116.3
  yaw: -179.04999
  pitch: 11.150002
