timestamps:
  login: 1379261400489
  logout: 1379261435564
ipAddress: 186.123.135.32
lastlocation:
  world: world
  x: -516.0
  y: 43.0
  z: 116.3
  yaw: -270.1
  pitch: 30.8
logoutlocation:
  world: world
  x: -516.5
  y: 43.0
  z: 116.5
  yaw: -272.58878
  pitch: 28.649961
