timestamps:
  login: 1377817993606
  logout: 1377818595059
ipAddress: 186.79.200.76
lastlocation:
  world: world
  x: -516.0
  y: 43.0
  z: 116.3
  yaw: -270.1
  pitch: 30.8
money: '0.0'
logoutlocation:
  world: world
  x: -922.6051885034902
  y: 20.0
  z: 191.90531819501095
  yaw: 289.76392
  pitch: 3.0095127
