timestamps:
  login: 1377453869065
ipAddress: 190.230.185.234
lastlocation:
  world: world
  x: -516.0
  y: 43.0
  z: 116.3
  yaw: -270.1
  pitch: 30.8
logoutlocation:
  world: world
  x: -516.5
  y: 43.0
  z: 116.5
  yaw: -274.53885
  pitch: 4.799959
