timestamps:
  login: 1378773459602
  logout: 1378773481291
ipAddress: 188.78.87.17
lastlocation:
  world: world
  x: -516.0
  y: 43.0
  z: 116.3
  yaw: -270.1
  pitch: 30.8
logoutlocation:
  world: world
  x: -516.0
  y: 43.0
  z: 116.3
  yaw: -272.65002
  pitch: 29.900003
