timestamps:
  login: 1378159856513
  logout: 1378159877966
ipAddress: 190.54.248.179
lastlocation:
  world: world
  x: -516.0
  y: 43.0
  z: 116.3
  yaw: -270.1
  pitch: 30.8
logoutlocation:
  world: world
  x: -521.6437676483579
  y: 43.0
  z: 116.77818249828097
  yaw: -251.48727
  pitch: 9.032588
