timestamps:
  login: 1379270978864
  logout: 1379270986201
ipAddress: 64.76.25.98
lastlocation:
  world: world
  x: -516.0
  y: 43.0
  z: 116.3
  yaw: -270.1
  pitch: 30.8
logoutlocation:
  world: world
  x: -516.0
  y: 43.0
  z: 116.3
  yaw: -286.99713
  pitch: 21.363958
