timestamps:
  login: 1378766979970
  logout: 1378767091047
ipAddress: 186.62.10.114
lastlocation:
  world: world
  x: -516.0
  y: 43.0
  z: 116.3
  yaw: -270.1
  pitch: 30.8
money: '0.0'
logoutlocation:
  world: world
  x: -816.0524827828763
  y: 29.0
  z: 202.90884508470137
  yaw: -262.8206
  pitch: 31.658726
