timestamps:
  login: 1377573338728
  logout: 1377573348778
ipAddress: 186.52.37.142
lastlocation:
  world: world
  x: -516.0
  y: 43.0
  z: 116.3
  yaw: -270.1
  pitch: 30.8
logoutlocation:
  world: world
  x: -520.3733648260315
  y: 43.0
  z: 116.40957182832062
  yaw: -359.43906
  pitch: -1.5000336
