timestamps:
  login: 1378579363803
  logout: 1378579954268
ipAddress: 81.203.100.219
lastlocation:
  world: world
  x: -516.0
  y: 43.0
  z: 116.3
  yaw: -270.1
  pitch: 30.8
money: '0.0'
logoutlocation:
  world: world
  x: -924.548059978324
  y: 20.104080378093037
  z: 260.9955923720937
  yaw: -357.6001
  pitch: 18.150003
