timestamps:
  login: 1376802279663
  logout: 1376802349120
ipAddress: 127.0.0.1
logoutlocation:
  world: world
  x: -927.2988165805087
  y: 20.0
  z: 282.7198434751783
  yaw: -3.4498076
  pitch: 29.099995
