timestamps:
  login: 1377812197682
  lastteleport: 1377813047841
  logout: 1377813414510
ipAddress: 201.243.4.52
lastlocation:
  world: world
  x: -578.7624999880791
  y: 43.0
  z: 154.52698758329842
  yaw: 83.96153
  pitch: 56.549965
money: '0.0'
logoutlocation:
  world: Recursos
  x: 98.30000001192093
  y: 58.0
  z: 551.3564724409953
  yaw: 91.345825
  pitch: 44.999992
