timestamps:
  login: 1379740741616
  lastteleport: 1379743764608
ipAddress: 190.179.98.194
lastlocation:
  world: PvP
  x: 237.79818512017243
  y: 63.0
  z: 400.3044244716875
  yaw: 34.796844
  pitch: 76.64994
money: '0.0'
homes:
  home:
    world: Recursos
    x: -154.75626204400825
    y: 34.0
    z: 976.0052231354912
    yaw: -229.20782
    pitch: 28.701788
