timestamps:
  login: 1377926845279
  logout: 1377926839729
ipAddress: 100.2.217.14
lastlocation:
  world: world
  x: -516.0
  y: 43.0
  z: 116.3
  yaw: -270.1
  pitch: 30.8
logoutlocation:
  world: world
  x: -521.0727048152199
  y: 43.0
  z: 115.29894537602266
  yaw: -119.80028
  pitch: 5.0000024
