timestamps:
  login: 1378869334544
  logout: 1378869399282
ipAddress: 189.168.6.205
lastlocation:
  world: world
  x: -516.0
  y: 43.0
  z: 116.3
  yaw: -270.1
  pitch: 30.8
money: '0.0'
logoutlocation:
  world: world
  x: -631.0380754383847
  y: 28.5
  z: 181.40855693724197
  yaw: 64.200005
  pitch: 27.599998
