timestamps:
  login: 1377537516631
  logout: 1377537564378
ipAddress: 181.46.23.126
lastlocation:
  world: world
  x: -516.0
  y: 43.0
  z: 116.3
  yaw: -270.1
  pitch: 30.8
logoutlocation:
  world: world
  x: -519.300000011921
  y: 43.0
  z: 117.5917252104081
  yaw: 223.76112
  pitch: 20.699915
