timestamps:
  login: 1377643603919
  logout: 1377644011866
ipAddress: 190.136.83.112
lastlocation:
  world: world
  x: -516.0
  y: 43.0
  z: 116.3
  yaw: -270.1
  pitch: 30.8
money: '0.0'
logoutlocation:
  world: world
  x: -506.7324581790476
  y: 40.0
  z: 149.90004168581038
  yaw: 172.20032
  pitch: 18.449974
