timestamps:
  login: 1378050860444
  lastteleport: 1378051113491
  logout: 1378051273041
ipAddress: 187.204.8.206
lastlocation:
  world: world
  x: -1032.3516268446338
  y: 20.0
  z: 178.33329857840957
  yaw: 176.91968
  pitch: -16.819334
money: '0.0'
logoutlocation:
  world: PvP
  x: 470.37154755931283
  y: 63.0
  z: 376.05316009838134
  yaw: 149.79839
  pitch: -13.110407
