timestamps:
  login: 1378411069178
  logout: 1378411265794
ipAddress: 187.173.151.163
lastlocation:
  world: world
  x: -516.0
  y: 43.0
  z: 116.3
  yaw: -270.1
  pitch: 30.8
money: '0.0'
logoutlocation:
  world: world
  x: -524.4334630087762
  y: 20.5
  z: 392.4626235555441
  yaw: 31.949913
  pitch: -1.4999918
