timestamps:
  login: 1377891448221
  logout: 1377891545293
ipAddress: 190.22.177.154
lastlocation:
  world: world
  x: -516.0
  y: 43.0
  z: 116.3
  yaw: -270.1
  pitch: 30.8
money: '0.0'
logoutlocation:
  world: world
  x: -526.6999999880791
  y: 40.0
  z: 147.81512409446046
  yaw: -79.35013
  pitch: 55.349987
