timestamps:
  login: 1378775027357
  logout: 1378775034911
ipAddress: 190.178.33.154
lastlocation:
  world: world
  x: -516.0
  y: 43.0
  z: 116.3
  yaw: -270.1
  pitch: 30.8
logoutlocation:
  world: world
  x: -520.0452029468386
  y: 43.0
  z: 116.17376439983757
  yaw: 97.39986
  pitch: 82.049995
