timestamps:
  login: 1379209310792
  lastteleport: 1379208414701
  logout: 1379209384673
ipAddress: 189.153.86.232
lastlocation:
  world: world
  x: -516.0
  y: 43.0
  z: 116.3
  yaw: -270.1
  pitch: 30.8
money: '0.0'
logoutlocation:
  world: world
  x: -527.2238895875246
  y: 46.0
  z: 116.6604338312673
  yaw: -136.38898
  pitch: 3.2999594
