timestamps:
  login: 1377966442051
  logout: 1377966452938
ipAddress: 189.220.186.28
lastlocation:
  world: world
  x: -516.0
  y: 43.0
  z: 116.3
  yaw: -270.1
  pitch: 30.8
money: '0.0'
logoutlocation:
  world: world
  x: -561.6492948944832
  y: 43.0
  z: 153.46386224136398
  yaw: -319.34998
  pitch: -7.500004
