timestamps:
  login: 1378159923711
  logout: 1378159940523
ipAddress: 190.54.248.179
lastlocation:
  world: world
  x: -516.0
  y: 43.0
  z: 116.3
  yaw: -270.1
  pitch: 30.8
logoutlocation:
  world: world
  x: -516.5
  y: 43.0
  z: 116.5
  yaw: -270.03113
  pitch: 9.731452
