timestamps:
  login: 1379260467492
  logout: 1379260543258
ipAddress: 201.219.69.232
lastlocation:
  world: world
  x: -516.0
  y: 43.0
  z: 116.3
  yaw: -270.1
  pitch: 30.8
logoutlocation:
  world: world
  x: -508.8455911766415
  y: 44.0
  z: 112.58926240785766
  yaw: 12.261169
  pitch: 23.999971
