timestamps:
  login: 1377995375354
  logout: 1377995378704
ipAddress: 50.11.39.36
lastlocation:
  world: world
  x: -516.0
  y: 43.0
  z: 116.3
  yaw: -270.1
  pitch: 30.8
logoutlocation:
  world: world
  x: -516.0
  y: 43.0
  z: 116.3
  yaw: -272.79996
  pitch: 10.399997
