timestamps:
  login: 1377580842577
  logout: 1377580903777
ipAddress: 189.249.252.27
lastlocation:
  world: world
  x: -516.0
  y: 43.0
  z: 116.3
  yaw: -270.1
  pitch: 30.8
logoutlocation:
  world: world
  x: -528.4343229470381
  y: 46.0
  z: 111.18029090507122
  yaw: -199.00026
  pitch: 20.900015
