timestamps:
  login: 1378928030508
  logout: 1378928031600
ipAddress: 190.101.56.177
lastlocation:
  world: world
  x: -516.0
  y: 43.0
  z: 116.3
  yaw: -270.1
  pitch: 30.8
logoutlocation:
  world: world
  x: -517.5959203496935
  y: 44.0
  z: 116.21259767407436
  yaw: -229.93605
  pitch: -10.485934
