timestamps:
  login: 1377946339558
  logout: 1377946342229
ipAddress: 213.211.139.79
lastlocation:
  world: world
  x: -516.0
  y: 43.0
  z: 116.3
  yaw: -270.1
  pitch: 30.8
logoutlocation:
  world: world
  x: -516.5
  y: 43.0
  z: 116.5
  yaw: 122.96119
  pitch: 5.3999567
