timestamps:
  login: 1377613824722
  logout: 1377613857570
ipAddress: 88.114.127.230
lastlocation:
  world: world
  x: -516.0
  y: 43.0
  z: 116.3
  yaw: -270.1
  pitch: 30.8
logoutlocation:
  world: world
  x: -570.3464471818512
  y: 56.86555216005848
  z: 172.03713178504208
  yaw: -18.745642
  pitch: 11.923173
money: '0.0'
