timestamps:
  login: 1377802103528
  logout: 1377802370528
ipAddress: 86.147.167.16
lastlocation:
  world: world
  x: -516.0
  y: 43.0
  z: 116.3
  yaw: -270.1
  pitch: 30.8
logoutlocation:
  world: world
  x: -462.3143386596952
  y: 43.11249996721745
  z: 16.488777860179592
  yaw: 20.683449
  pitch: 5.399995
money: '0.0'
