timestamps:
  login: 1377847107277
  logout: 1377847231981
ipAddress: 194.228.11.1
lastlocation:
  world: world
  x: -516.0
  y: 43.0
  z: 116.3
  yaw: -270.1
  pitch: 30.8
money: '0.0'
logoutlocation:
  world: world
  x: -670.1647616557999
  y: 44.414871882935664
  z: 162.59757096722362
  yaw: 83.69998
  pitch: 51.299995
