timestamps:
  login: 1377647745631
  logout: 1377647750103
ipAddress: 68.113.199.128
lastlocation:
  world: world
  x: -516.0
  y: 43.0
  z: 116.3
  yaw: -270.1
  pitch: 30.8
logoutlocation:
  world: world
  x: -516.5
  y: 43.0
  z: 116.5
  yaw: -285.84747
  pitch: 5.2772465
