timestamps:
  login: 1378216972783
  logout: 1378217100890
ipAddress: 81.109.246.123
lastlocation:
  world: world
  x: -516.0
  y: 43.0
  z: 116.3
  yaw: -270.1
  pitch: 30.8
logoutlocation:
  world: world
  x: -516.0
  y: 43.0
  z: 116.3
  yaw: -136.93643
  pitch: 7.2801948
