timestamps:
  login: 1378154576880
  logout: 1378154678166
ipAddress: 189.220.210.0
lastlocation:
  world: world
  x: -516.0
  y: 43.0
  z: 116.3
  yaw: -270.1
  pitch: 30.8
logoutlocation:
  world: world
  x: -523.7893571699585
  y: 43.0
  z: 113.69999998807907
  yaw: -100.98895
  pitch: 23.399992
