timestamps:
  login: 1379451317253
  logout: 1379451614647
ipAddress: 193.126.128.62
lastlocation:
  world: world
  x: -516.0
  y: 43.0
  z: 116.3
  yaw: -270.1
  pitch: 30.8
money: '0.0'
logoutlocation:
  world: world
  x: -480.52123507468383
  y: 13.0
  z: 206.26441944328715
  yaw: 186.29984
  pitch: -0.60001177
