timestamps:
  login: 1379194966240
  lastteleport: 1379106294168
  logout: 1379195014506
ipAddress: 190.174.190.106
lastlocation:
  world: world
  x: -723.7447946250701
  y: 29.0
  z: 136.26992292524534
  yaw: -179.28853
  pitch: 8.699992
money: '6.0'
logoutlocation:
  world: world
  x: -568.5153559091673
  y: 43.0
  z: 162.89512492239996
  yaw: 268.16156
  pitch: 7.949971
