timestamps:
  login: 1377822026165
  logout: 1377822108663
ipAddress: 190.138.126.197
lastlocation:
  world: world
  x: -516.0
  y: 43.0
  z: 116.3
  yaw: -270.1
  pitch: 30.8
logoutlocation:
  world: world
  x: -527.4455242308733
  y: 46.0
  z: 116.66752537990176
  yaw: -125.88873
  pitch: 20.099962
