timestamps:
  login: 1377566114456
  logout: 1377566137555
ipAddress: 24.188.179.143
lastlocation:
  world: world
  x: -516.0
  y: 43.0
  z: 116.3
  yaw: -270.1
  pitch: 30.8
logoutlocation:
  world: world
  x: -523.6999999880791
  y: 43.0
  z: 122.5711920686786
  yaw: -294.63882
  pitch: 21.599958
