timestamps:
  login: 1377975179624
  logout: 1377975193187
ipAddress: 85.217.34.20
lastlocation:
  world: world
  x: -516.0
  y: 43.0
  z: 116.3
  yaw: -270.1
  pitch: 30.8
logoutlocation:
  world: world
  x: -516.5
  y: 43.0
  z: 116.5
  yaw: -164.13953
  pitch: -7.2000475
