timestamps:
  login: 1377955006732
  logout: 1377955045134
ipAddress: 85.225.33.167
lastlocation:
  world: world
  x: -516.0
  y: 43.0
  z: 116.3
  yaw: -270.1
  pitch: 30.8
logoutlocation:
  world: world
  x: -516.0
  y: 43.0
  z: 116.3
  yaw: -286.45627
  pitch: 11.63252
