timestamps:
  login: 1377920906080
  lastteleport: 1377921337879
  logout: 1377922052229
ipAddress: 65.31.80.127
lastlocation:
  world: Recursos
  x: -247.30000001192093
  y: 76.0
  z: 552.4599042911085
  yaw: 140.18425
  pitch: 33.050076
money: '0.0'
logoutlocation:
  world: Recursos
  x: -285.69999998807907
  y: 24.0
  z: 480.2748629889715
  yaw: 133.25696
  pitch: 90.0
