timestamps:
  login: 1378772204891
  lastteleport: 1378772981791
  logout: 1378773276291
ipAddress: 189.169.101.64
lastlocation:
  world: Parcelas
  x: 129.36530162481006
  y: 65.0
  z: 2.2783461634068565
  yaw: -258.5705
  pitch: 19.799994
money: '3420.15566992157013980'
afk: false
logoutlocation:
  world: PvP
  x: 539.7581255045658
  y: 64.0
  z: 753.1089134497527
  yaw: -55.50293
  pitch: 19.799889
homes:
  home:
    world: PvP
    x: 645.688181633412
    y: 15.0
    z: 414.62259302224965
    yaw: 167.4878
    pitch: -19.94996
ban:
  reason: '§4Baneado:

    §r¡El Ban Hammer ha hablado!'
  timeout: 0
