timestamps:
  login: 1378587382567
  logout: 1378587389098
ipAddress: 201.219.75.232
lastlocation:
  world: world
  x: -516.0
  y: 43.0
  z: 116.3
  yaw: -270.1
  pitch: 30.8
logoutlocation:
  world: world
  x: -516.5
  y: 43.0
  z: 116.5
  yaw: -260.73874
  pitch: 1.4999619
