timestamps:
  login: 1377706846980
  lastteleport: 1377707179230
  logout: 1377707227980
ipAddress: 190.188.166.216
lastlocation:
  world: world
  x: -658.8085525638095
  y: 29.0
  z: 152.00252931886214
  yaw: 98.5694
  pitch: 19.25363
money: '0.0'
logoutlocation:
  world: world
  x: -568.5153559091673
  y: 43.0
  z: 162.89512492239996
  yaw: 261.86157
  pitch: 8.09997
