timestamps:
  login: 1379713007122
  logout: 1379713015272
ipAddress: 186.109.8.217
lastlocation:
  world: world
  x: -516.0
  y: 43.0
  z: 116.3
  yaw: -270.1
  pitch: 30.8
logoutlocation:
  world: world
  x: -516.5
  y: 43.0
  z: 116.5
  yaw: -70.98884
  pitch: 15.149957
