timestamps:
  login: 1378768095126
  logout: 1378768148549
ipAddress: 201.219.75.234
lastlocation:
  world: world
  x: -516.0
  y: 43.0
  z: 116.3
  yaw: -270.1
  pitch: 30.8
logoutlocation:
  world: world
  x: -514.8404516571173
  y: 43.0
  z: 114.46681442700483
  yaw: 156.94998
  pitch: 10.249998
