timestamps:
  login: 1377808727909
  logout: 1377808735722
ipAddress: 24.147.157.238
lastlocation:
  world: world
  x: -516.0
  y: 43.0
  z: 116.3
  yaw: -270.1
  pitch: 30.8
logoutlocation:
  world: world
  x: -516.0
  y: 43.0
  z: 116.3
  yaw: -222.18053
  pitch: -0.14797446
