timestamps:
  login: 1378705187031
  logout: 1378705445381
ipAddress: 200.93.111.24
lastlocation:
  world: world
  x: -516.0
  y: 43.0
  z: 116.3
  yaw: -270.1
  pitch: 30.8
money: '0.0'
logoutlocation:
  world: world
  x: -626.9332358894275
  y: 28.0
  z: 188.4613500083555
  yaw: 25.349937
  pitch: 4.350007
