timestamps:
  login: 1377634934395
  lastteleport: 1377634968650
  logout: 1377635237599
ipAddress: 186.109.227.2
lastlocation:
  world: world
  x: -1413.3462023090208
  y: 36.0
  z: 203.0765976779814
  yaw: -63.516388
  pitch: 26.3778
money: '0.0'
logoutlocation:
  world: Recursos
  x: 53.31445617751827
  y: 21.0
  z: 476.5558715414675
  yaw: -296.987
  pitch: 27.226013
