timestamps:
  login: 1378143968300
  logout: 1378144016392
ipAddress: 80.101.78.240
lastlocation:
  world: world
  x: -516.0
  y: 43.0
  z: 116.3
  yaw: -270.1
  pitch: 30.8
logoutlocation:
  world: world
  x: -515.5961162479551
  y: 43.0
  z: 112.40408474993897
  yaw: -183.6997
  pitch: 22.700005
