timestamps:
  login: 1378140318641
  logout: 1378140320619
ipAddress: 190.231.176.222
lastlocation:
  world: world
  x: -516.0
  y: 43.0
  z: 116.3
  yaw: -270.1
  pitch: 30.8
logoutlocation:
  world: world
  x: -523.0954755486205
  y: 44.0
  z: 119.38903069074424
  yaw: -276.8408
  pitch: -8.399691
