timestamps:
  login: 1379098765767
  logout: 1379098780861
ipAddress: 181.46.189.149
lastlocation:
  world: world
  x: -516.0
  y: 43.0
  z: 116.3
  yaw: -270.1
  pitch: 30.8
logoutlocation:
  world: world
  x: -516.0
  y: 43.0
  z: 116.3
  yaw: -98.19993
  pitch: -30.399996
