timestamps:
  login: 1377647549306
  logout: 1377647550103
ipAddress: 96.243.151.41
lastlocation:
  world: world
  x: -516.0
  y: 43.0
  z: 116.3
  yaw: -270.1
  pitch: 30.8
logoutlocation:
  world: world
  x: -521.8422981303534
  y: 43.0
  z: 117.16620427538808
  yaw: -223.35033
  pitch: 5.8873057
