timestamps:
  login: 1379443633584
  logout: 1379443886495
ipAddress: 200.120.224.11
lastlocation:
  world: world
  x: -516.0
  y: 43.0
  z: 116.3
  yaw: -270.1
  pitch: 30.8
money: '0.0'
logoutlocation:
  world: world
  x: -736.3000000119209
  y: 26.0
  z: 157.53072135182245
  yaw: 270.60016
  pitch: 23.249994
