timestamps:
  login: 1377982556553
  logout: 1377982602571
ipAddress: 189.156.239.28
lastlocation:
  world: world
  x: -516.0
  y: 43.0
  z: 116.3
  yaw: -270.1
  pitch: 30.8
money: '0.0'
logoutlocation:
  world: world
  x: -517.3750392361396
  y: 40.0
  z: 203.09849824335356
  yaw: 110.250244
  pitch: 15.9000225
