timestamps:
  login: 1377903839347
  logout: 1377903918997
ipAddress: 190.193.24.59
lastlocation:
  world: world
  x: -516.0
  y: 43.0
  z: 116.3
  yaw: -270.1
  pitch: 30.8
logoutlocation:
  world: world
  x: -522.7128759933045
  y: 43.0
  z: 113.50695014417478
  yaw: -80.43848
  pitch: 2.8499596
