timestamps:
  login: 1379340332971
  logout: 1379340403667
ipAddress: 181.29.84.30
lastlocation:
  world: world
  x: -516.0
  y: 43.0
  z: 116.3
  yaw: -270.1
  pitch: 30.8
logoutlocation:
  world: world
  x: -501.69999998807907
  y: 16.0
  z: 139.53539911135695
  yaw: 70.49987
  pitch: 44.24998
