timestamps:
  login: 1378659106762
  logout: 1378659418596
ipAddress: 189.155.162.197
lastlocation:
  world: world
  x: -516.0
  y: 43.0
  z: 116.3
  yaw: -270.1
  pitch: 30.8
money: '0.0'
logoutlocation:
  world: world
  x: -1397.361776295324
  y: 36.0
  z: 212.72075746633487
  yaw: -102.45052
  pitch: -0.60000104
