timestamps:
  login: 1377907833960
  logout: 1377907902014
ipAddress: 177.138.81.217
lastlocation:
  world: world
  x: -516.0
  y: 43.0
  z: 116.3
  yaw: -270.1
  pitch: 30.8
logoutlocation:
  world: world
  x: -514.5532261594094
  y: 43.0
  z: 116.62337339958319
  yaw: -263.80005
  pitch: 2.75
