timestamps:
  login: 1378019100902
  logout: 1378019107263
ipAddress: 71.61.231.66
lastlocation:
  world: world
  x: -516.0
  y: 43.0
  z: 116.3
  yaw: -270.1
  pitch: 30.8
logoutlocation:
  world: world
  x: -516.0
  y: 43.0
  z: 116.3
  yaw: -263.63202
  pitch: 6.2215805
