timestamps:
  login: 1378099784737
  logout: 1378099786917
ipAddress: 108.199.133.122
lastlocation:
  world: world
  x: -516.0
  y: 43.0
  z: 116.3
  yaw: -270.1
  pitch: 30.8
logoutlocation:
  world: world
  x: -528.7240999349551
  y: 46.0
  z: 115.31823493288496
  yaw: 193.61755
  pitch: 4.6734443
