timestamps:
  login: 1378841302653
  lastteleport: 1378841604708
  logout: 1378842214303
ipAddress: 181.28.208.45
lastlocation:
  world: world
  x: -769.1174092348718
  y: 29.0
  z: 214.60978984942776
  yaw: 1.7606201
  pitch: 9.599977
money: '124.3500000000000006'
logoutlocation:
  world: Recursos
  x: 131.26504718788448
  y: 8.0
  z: 296.69999998807907
  yaw: -60.602966
  pitch: 27.29999
