timestamps:
  login: 1378783084899
  logout: 1378783303736
ipAddress: 190.48.137.175
lastlocation:
  world: world
  x: -516.0
  y: 43.0
  z: 116.3
  yaw: -270.1
  pitch: 30.8
money: '0.0'
logoutlocation:
  world: world
  x: -535.1878508615056
  y: 41.0
  z: 203.30000001192093
  yaw: 162.85973
  pitch: 25.793678
