timestamps:
  login: 1378003978641
  logout: 1378004000228
ipAddress: 108.181.139.25
lastlocation:
  world: world
  x: -516.0
  y: 43.0
  z: 116.3
  yaw: -270.1
  pitch: 30.8
logoutlocation:
  world: world
  x: -516.0
  y: 43.0
  z: 116.3
  yaw: -178.47224
  pitch: 13.193078
