timestamps:
  login: 1378664498343
  logout: 1378664818501
ipAddress: 200.83.211.47
lastlocation:
  world: world
  x: -516.0
  y: 43.0
  z: 116.3
  yaw: -270.1
  pitch: 30.8
money: '0.0'
logoutlocation:
  world: world
  x: -755.5062267994995
  y: 20.0
  z: 48.95700169568363
  yaw: -7.5066833
  pitch: 3.5564823
