timestamps:
  login: 1378226697183
  logout: 1378226700883
ipAddress: 69.113.242.20
lastlocation:
  world: world
  x: -516.0
  y: 43.0
  z: 116.3
  yaw: -270.1
  pitch: 30.8
logoutlocation:
  world: world
  x: -516.5
  y: 43.0
  z: 116.5
  yaw: -97.68888
  pitch: 0.74995893
