timestamps:
  login: 1378616627625
  logout: 1378616631176
ipAddress: 190.82.239.82
lastlocation:
  world: world
  x: -516.0
  y: 43.0
  z: 116.3
  yaw: -270.1
  pitch: 30.8
logoutlocation:
  world: world
  x: -516.5
  y: 43.0
  z: 116.5
  yaw: -270.18884
  pitch: 7.0499587
