timestamps:
  login: 1377900127451
  logout: 1377900128638
ipAddress: 98.165.51.118
lastlocation:
  world: world
  x: -516.0
  y: 43.0
  z: 116.3
  yaw: -270.1
  pitch: 30.8
logoutlocation:
  world: world
  x: -515.775389544094
  y: 43.0
  z: 116.39232952239112
  yaw: -122.94991
  pitch: 14.600001
