timestamps:
  login: 1378141362270
  logout: 1378141364290
ipAddress: 65.34.90.92
lastlocation:
  world: world
  x: -516.0
  y: 43.0
  z: 116.3
  yaw: -270.1
  pitch: 30.8
logoutlocation:
  world: world
  x: -516.5
  y: 43.0
  z: 116.5
  yaw: -65.288635
  pitch: 5.249957
