timestamps:
  login: 1378058710128
  logout: 1378058755972
ipAddress: 194.118.230.205
lastlocation:
  world: world
  x: -516.0
  y: 43.0
  z: 116.3
  yaw: -270.1
  pitch: 30.8
logoutlocation:
  world: world
  x: -516.2037516463739
  y: 43.0
  z: 117.32836222785028
  yaw: -181.75003
  pitch: -77.84997
