timestamps:
  login: 1378604714168
  logout: 1378604726278
ipAddress: 189.154.205.227
lastlocation:
  world: world
  x: -516.0
  y: 43.0
  z: 116.3
  yaw: -270.1
  pitch: 30.8
logoutlocation:
  world: world
  x: -522.6999999880791
  y: 43.0
  z: 115.90560039042155
  yaw: -251.91948
  pitch: 7.947476
