timestamps:
  login: 1378741282425
  logout: 1378741657095
ipAddress: 189.224.222.243
lastlocation:
  world: world
  x: -516.0
  y: 43.0
  z: 116.3
  yaw: -270.1
  pitch: 30.8
money: '0.0'
logoutlocation:
  world: world
  x: -733.6998925827708
  y: 35.0
  z: 183.5763322948906
  yaw: -347.25
  pitch: -32.100002
