timestamps:
  login: 1378502747828
  logout: 1378502795822
ipAddress: 189.154.205.227
lastlocation:
  world: world
  x: -516.0
  y: 43.0
  z: 116.3
  yaw: -270.1
  pitch: 30.8
money: '0.0'
logoutlocation:
  world: world
  x: -698.0769808998367
  y: 20.0
  z: 114.58241511495186
  yaw: 38.399784
  pitch: 27.30003
