timestamps:
  login: 1377449909774
ipAddress: 127.0.0.1
lastlocation:
  world: world
  x: -923.0
  y: 20.0
  z: 349.0
  yaw: 0.0
  pitch: 0.0
logoutlocation:
  world: world
  x: -926.6963752165666
  y: 20.0
  z: 366.8344863913497
  yaw: 189.0
  pitch: -1.7999997
