timestamps:
  login: 1377933317429
  logout: 1377933397229
ipAddress: 203.211.113.141
lastlocation:
  world: world
  x: -516.0
  y: 43.0
  z: 116.3
  yaw: -270.1
  pitch: 30.8
money: '0.0'
logoutlocation:
  world: world
  x: -568.8434576433971
  y: 43.0
  z: 169.49171233128212
  yaw: 0.0
  pitch: 0.0
