timestamps:
  login: 1377662787879
  logout: 1377662829529
ipAddress: 81.37.241.91
lastlocation:
  world: world
  x: -922.5
  y: 20.0
  z: 349.5
  yaw: 0.0
  pitch: 0.0
logoutlocation:
  world: world
  x: -922.5
  y: 20.0
  z: 349.5
  yaw: -104.24999
  pitch: -35.849987
