timestamps:
  login: 1377718583278
  lastteleport: 1377718998628
  logout: 1377719188879
ipAddress: 190.50.126.43
lastlocation:
  world: world
  x: -531.6786473789499
  y: 43.0
  z: 162.45032949606656
  yaw: -263.0254
  pitch: -4.916939
money: '0.0'
logoutlocation:
  world: Parcelas
  x: -103.8649671110031
  y: 65.5
  z: 72.24094759076274
  yaw: -122.10318
  pitch: 12.544725
