timestamps:
  login: 1381813019577
  lastteleport: 1381811700847
  logout: 1381813142377
ipAddress: 127.0.0.1
lastlocation:
  world: world
  x: -567.2244443446791
  y: 43.0
  z: 165.2453913192639
  yaw: 107.511536
  pitch: 7.199974
money: '0.0'
godmode: true
afk: false
logoutlocation:
  world: PvP
  x: 171.8672350244642
  y: 73.0
  z: 400.56621006803925
  yaw: -19.652843
  pitch: 23.849926
