timestamps:
  login: 1381811643147
  lastteleport: 1381811700847
  logout: 1381811714247
ipAddress: 127.0.0.1
lastlocation:
  world: world
  x: -567.2244443446791
  y: 43.0
  z: 165.2453913192639
  yaw: 107.511536
  pitch: 7.199974
money: '0.0'
godmode: true
afk: false
logoutlocation:
  world: PvP
  x: 173.7774076833702
  y: 73.0
  z: 402.85916762559316
  yaw: 257.39716
  pitch: 19.949919
