timestamps:
  login: 1379113883096
  logout: 1379114050591
ipAddress: 190.77.248.210
lastlocation:
  world: world
  x: -516.0
  y: 43.0
  z: 116.3
  yaw: -270.1
  pitch: 30.8
logoutlocation:
  world: world
  x: -516.5
  y: 43.0
  z: 116.5
  yaw: -269.43893
  pitch: 24.899946
