timestamps:
  login: 1379104307677
  logout: 1379104423665
ipAddress: 190.77.248.210
lastlocation:
  world: world
  x: -516.0
  y: 43.0
  z: 116.3
  yaw: -270.1
  pitch: 30.8
logoutlocation:
  world: world
  x: -516.0
  y: 43.0
  z: 116.3
  yaw: -309.99957
  pitch: 42.29999
