timestamps:
  login: 1381777614165
  logout: 1381777732599
  lastteleport: 1381774702084
ipAddress: 127.0.0.1
afk: false
logoutlocation:
  world: world
  x: -837.5226074224126
  y: 28.0
  z: 333.8053471995035
  yaw: 268.6137
  pitch: 0.29997438
lastlocation:
  world: world
  x: -1139.1089239475173
  y: 19.0
  z: 200.5016975569081
  yaw: 269.61578
  pitch: -1.6499885
godmode: false
