timestamps:
  login: 1381813325504
  logout: 1381814049989
  lastteleport: 1381813450447
ipAddress: 127.0.0.1
afk: false
logoutlocation:
  world: world
  x: -515.5529441649245
  y: 13.0
  z: 181.62013288230673
  yaw: 29.599731
  pitch: 13.6498165
lastlocation:
  world: PvP
  x: 171.44096465373556
  y: 73.0
  z: 398.9732760310217
  yaw: 345.89746
  pitch: 11.699918
godmode: false
money: '100200.0'
