timestamps:
  login: 1381439657088
  logout: 1381439381840
  lastteleport: 1381436683893
  lastheal: 1373606164718
  kits:
    manzanasoroencantadas: 1377547040053
    fullsword: 1377400344881
    fulltools: 1379451866915
    packhechicero: 1377406468493
    fullarmor: 1379115785071
    fullweapons: 1379392575825
    fullbow: 1377533379093
    armorprotiv: 1379729583495
    kitinicial: 1379189741708
    packmonstruos: 1378249515322
    fullhelmet: 1377138520016
ipAddress: 127.0.0.1
logoutlocation:
  world: PvP
  x: 221.04430388234985
  y: 64.0
  z: 558.1008530785963
  yaw: -146.95331
  pitch: 15.670602
lastlocation:
  world: PvP
  x: 270.93716987525585
  y: 79.0
  z: 421.084826360876
  yaw: 230.55424
  pitch: 32.100082
godmode: true
money: '120596.0'
homes:
  home:
    world: PvP
    x: -1037.0934598483414
    y: 69.0
    z: 252.5311048819935
    yaw: 305.1032
    pitch: 14.5500765
  posible:
    world: PvP
    x: 2628.696902563332
    y: 64.0
    z: 1347.3482234427051
    yaw: 353.9204
    pitch: 29.399986
afk: false
nickname: ยง6PhoenixAS
