timestamps:
  login: 1381356535001
  logout: 1381356551550
  lastteleport: 1381356542466
  lastheal: 1373606164718
  kits:
    manzanasoroencantadas: 1377547040053
    fullsword: 1377400344881
    fulltools: 1379451866915
    packhechicero: 1377406468493
    fullarmor: 1379115785071
    fullweapons: 1379392575825
    fullbow: 1377533379093
    armorprotiv: 1379729583495
    kitinicial: 1379189741708
    packmonstruos: 1378249515322
    fullhelmet: 1377138520016
ipAddress: 127.0.0.1
logoutlocation:
  world: PvP
  x: 203.2550946944115
  y: 83.23783947213842
  z: 397.51065748696203
  yaw: 299.5468
  pitch: 26.849909
lastlocation:
  world: PvP
  x: 208.09034163976196
  y: 64.0
  z: 506.78488172534276
  yaw: 182.09204
  pitch: 22.650015
godmode: true
money: '110596.0'
homes:
  home:
    world: PvP
    x: -1037.0934598483414
    y: 69.0
    z: 252.5311048819935
    yaw: 305.1032
    pitch: 14.5500765
  posible:
    world: PvP
    x: 2628.696902563332
    y: 64.0
    z: 1347.3482234427051
    yaw: 353.9204
    pitch: 29.399986
afk: false
nickname: ยง6PhoenixAS
