timestamps:
  login: 1382223427449
  lastteleport: 1382220389949
  logout: 1382228775634
ipAddress: 127.0.0.1
lastlocation:
  world: world
  x: 1317.008861522973
  y: 45.0
  z: -3031.4997802375674
  yaw: -249.2923
  pitch: 36.74992
logoutlocation:
  world: world
  x: 1211.50944437555
  y: 50.0
  z: -3030.309711588414
  yaw: 218.09615
  pitch: 14.85013
money: '-2'
afk: false
godmode: false
