timestamps:
  login: 1381811506311
  logout: 1381811716747
  lastteleport: 1381811367674
ipAddress: 127.0.0.1
afk: false
logoutlocation:
  world: PvP
  x: 193.53024030981848
  y: 66.0
  z: 400.87442480206244
  yaw: 270.74677
  pitch: 8.699941
lastlocation:
  world: world
  x: -1554.5048976328567
  y: 20.0
  z: 179.02514550184358
  yaw: 251.79437
  pitch: 4.2002797
godmode: false
