timestamps:
  login: 1382121268863
  lastteleport: 1382122971020
  logout: 1382123083558
ipAddress: 127.0.0.1
lastlocation:
  world: PvP
  x: -422.06287020458217
  y: 64.0
  z: 455.5320072479681
  yaw: 181.91406
  pitch: 5.6999617
logoutlocation:
  world: PvP
  x: 214.48345734771652
  y: 69.0
  z: 414.9321143326303
  yaw: 109.49719
  pitch: 12.899914
