timestamps:
  login: 1381612028080
  logout: 1381612335533
  lastteleport: 1381603251621
  lastheal: 1373606164718
  kits:
    manzanasoroencantadas: 1377547040053
    fulltools: 1381445151614
    fullsword: 1377400344881
    packhechicero: 1377406468493
    fullarmor: 1381445075065
    fullweapons: 1381445084513
    fullbow: 1377533379093
    packmonstruos: 1378249515322
    kitinicial: 1379189741708
    armorprotiv: 1379729583495
    fullhelmet: 1377138520016
ipAddress: 127.0.0.1
logoutlocation:
  world: PvP
  x: 187.6699266525853
  y: 64.0
  z: 461.64866812623865
  yaw: 321.5957
  pitch: 7.649789
lastlocation:
  world: PvP
  x: 93.86174793115416
  y: 64.0
  z: 573.5221807200508
  yaw: -168.40268
  pitch: 11.850014
godmode: false
money: '120596.0'
homes:
  home:
    world: PvP
    x: -1037.0934598483414
    y: 69.0
    z: 252.5311048819935
    yaw: 305.1032
    pitch: 14.5500765
  posible:
    world: PvP
    x: 2628.696902563332
    y: 64.0
    z: 1347.3482234427051
    yaw: 353.9204
    pitch: 29.399986
afk: false
nickname: ยง6PhoenixAS
