timestamps:
  login: 1381889168390
  logout: 1381889419711
  lastteleport: 1381813450447
ipAddress: 127.0.0.1
afk: false
logoutlocation:
  world: world
  x: -529.200134200594
  y: 13.5
  z: 179.4890713359278
  yaw: 116.29977
  pitch: 24.749817
lastlocation:
  world: PvP
  x: 171.44096465373556
  y: 73.0
  z: 398.9732760310217
  yaw: 345.89746
  pitch: 11.699918
godmode: false
money: '100200.0'
