timestamps:
  login: 1382127353652
  lastteleport: 1382122971020
  logout: 1382127580961
ipAddress: 127.0.0.1
lastlocation:
  world: PvP
  x: -422.06287020458217
  y: 64.0
  z: 455.5320072479681
  yaw: 181.91406
  pitch: 5.6999617
logoutlocation:
  world: PvP
  x: 447.8628333446722
  y: 64.0
  z: 531.8390416318705
  yaw: 357.4504
  pitch: 16.800085
