timestamps:
  login: 1382125550585
  lastteleport: 1382122971020
  logout: 1382125636075
ipAddress: 127.0.0.1
lastlocation:
  world: PvP
  x: -422.06287020458217
  y: 64.0
  z: 455.5320072479681
  yaw: 181.91406
  pitch: 5.6999617
logoutlocation:
  world: PvP
  x: 117.14510924445311
  y: 63.0
  z: 574.343405592105
  yaw: 103.19652
  pitch: 18.44999
