timestamps:
  login: 1377556440264
  logout: 1377556481215
ipAddress: 200.74.101.177
lastlocation:
  world: world
  x: -516.0
  y: 43.0
  z: 116.3
  yaw: -270.1
  pitch: 30.8
logoutlocation:
  world: world
  x: -515.08403813827
  y: 43.0
  z: 116.29928969061147
  yaw: -209.95003
  pitch: 20.750004
