timestamps:
  login: 1378944197019
  logout: 1378944355766
ipAddress: 190.138.57.195
lastlocation:
  world: world
  x: -516.0
  y: 43.0
  z: 116.3
  yaw: -270.1
  pitch: 30.8
money: '0.0'
logoutlocation:
  world: world
  x: -552.3266802351483
  y: 43.5
  z: 165.10142494206744
  yaw: -70.04996
  pitch: 36.449997
