timestamps:
  login: 1378343515754
  logout: 1378343520806
ipAddress: 181.64.177.192
lastlocation:
  world: world
  x: -516.0
  y: 43.0
  z: 116.3
  yaw: -270.1
  pitch: 30.8
money: '0.0'
logoutlocation:
  world: world
  x: -557.903010225959
  y: 43.0
  z: 173.51878841200616
  yaw: -142.2
  pitch: 6.599999
