timestamps:
  login: 1379181801109
  logout: 1379181849105
ipAddress: 189.154.205.227
lastlocation:
  world: world
  x: -516.0
  y: 43.0
  z: 116.3
  yaw: -270.1
  pitch: 30.8
logoutlocation:
  world: world
  x: -516.0
  y: 43.0
  z: 116.3
  yaw: -284.80005
  pitch: 16.399998
