timestamps:
  login: 1377563414241
  logout: 1377563514039
ipAddress: 190.18.251.188
lastlocation:
  world: world
  x: -516.0
  y: 43.0
  z: 116.3
  yaw: -270.1
  pitch: 30.8
money: '0.0'
logoutlocation:
  world: world
  x: -725.7355069677034
  y: 29.0
  z: 179.00500560124925
  yaw: -30.75003
  pitch: 7.0499983
