timestamps:
  login: 1378153986811
  logout: 1378153999922
ipAddress: 186.134.153.112
lastlocation:
  world: world
  x: -516.0
  y: 43.0
  z: 116.3
  yaw: -270.1
  pitch: 30.8
money: '0.0'
logoutlocation:
  world: world
  x: -562.6474775542484
  y: 44.0
  z: 160.41295605271566
  yaw: -0.73116475
  pitch: -5.9954004
