timestamps:
  login: 1377886602439
  logout: 1377886610147
ipAddress: 90.202.178.148
lastlocation:
  world: world
  x: -516.0
  y: 43.0
  z: 116.3
  yaw: -270.1
  pitch: 30.8
logoutlocation:
  world: world
  x: -516.0
  y: 43.0
  z: 116.3
  yaw: -271.60205
  pitch: 31.872892
