timestamps:
  login: 1377978529871
  logout: 1377978554937
ipAddress: 201.221.167.89
lastlocation:
  world: world
  x: -516.0
  y: 43.0
  z: 116.3
  yaw: -270.1
  pitch: 30.8
logoutlocation:
  world: world
  x: -510.74570473449256
  y: 43.0
  z: 116.81967264870305
  yaw: -257.8888
  pitch: 46.799995
