timestamps:
  login: 1377803395649
  logout: 1377803415527
ipAddress: 71.167.165.82
lastlocation:
  world: world
  x: -516.0
  y: 43.0
  z: 116.3
  yaw: -270.1
  pitch: 30.8
logoutlocation:
  world: world
  x: -519.3000000119209
  y: 43.0
  z: 113.81279955055727
  yaw: -142.08884
  pitch: -4.5000405
