timestamps:
  login: 1379173234793
  logout: 1379173254865
ipAddress: 83.61.165.46
lastlocation:
  world: world
  x: -516.0
  y: 43.0
  z: 116.3
  yaw: -270.1
  pitch: 30.8
logoutlocation:
  world: world
  x: -516.8105320473494
  y: 43.0
  z: 116.49945881353779
  yaw: -269.58887
  pitch: 15.599954
