timestamps:
  login: 1378252233661
  logout: 1378252215287
ipAddress: 199.189.92.181
lastlocation:
  world: world
  x: -516.0
  y: 43.0
  z: 116.3
  yaw: -270.1
  pitch: 30.8
logoutlocation:
  world: world
  x: -516.0
  y: 43.0
  z: 116.3
  yaw: -202.19609
  pitch: 29.90887
