timestamps:
  login: 1377960487021
  logout: 1377960553451
ipAddress: 98.221.33.115
lastlocation:
  world: world
  x: -516.0
  y: 43.0
  z: 116.3
  yaw: -270.1
  pitch: 30.8
money: '0.0'
logoutlocation:
  world: world
  x: -527.0202381688065
  y: 74.6875
  z: 172.06166822135432
  yaw: -341.90265
  pitch: 28.870905
