timestamps:
  login: 1377905786627
  logout: 1377905906529
ipAddress: 181.31.53.127
lastlocation:
  world: world
  x: -516.0
  y: 43.0
  z: 116.3
  yaw: -270.1
  pitch: 30.8
money: '0.0'
logoutlocation:
  world: world
  x: -573.8665412613999
  y: 43.0
  z: 181.38445518242165
  yaw: -85.00745
  pitch: -15.812428
