timestamps:
  login: 1379639356570
  logout: 1379639581021
ipAddress: 201.141.246.168
lastlocation:
  world: world
  x: -516.0
  y: 43.0
  z: 116.3
  yaw: -270.1
  pitch: 30.8
money: '0.0'
logoutlocation:
  world: world
  x: -557.3000000119209
  y: 43.0
  z: 163.1606753985363
  yaw: 256.9839
  pitch: -2.2087302
