timestamps:
  login: 1377985036959
  logout: 1377880872459
ipAddress: 70.45.110.247
lastlocation:
  world: world
  x: -516.0
  y: 43.0
  z: 116.3
  yaw: -270.1
  pitch: 30.8
money: '0.0'
logoutlocation:
  world: world
  x: -717.2460375447265
  y: 20.0
  z: 152.90145370181304
  yaw: 118.35013
  pitch: -1.500034
