timestamps:
  login: 1378833464562
  logout: 1378833542955
ipAddress: 79.157.208.105
lastlocation:
  world: world
  x: -516.0
  y: 43.0
  z: 116.3
  yaw: -270.1
  pitch: 30.8
money: '0.0'
logoutlocation:
  world: world
  x: -625.2665181786259
  y: 39.0
  z: 159.51089483457116
  yaw: 275.4
  pitch: -11.850006
