timestamps:
  login: 1379287184352
  lastteleport: 1379287234369
  logout: 1379287422577
ipAddress: 190.117.240.58
lastlocation:
  world: Parcelas
  x: -15.958228223904332
  y: 65.0
  z: -129.21543488789968
  yaw: 86.40007
  pitch: 39.149967
money: '2342.42527655789094921'
logoutlocation:
  world: world
  x: -578.9367780030104
  y: 43.0
  z: 160.37468639015793
  yaw: -328.5384
  pitch: 6.2999315
afk: false
