timestamps:
  login: 1379348207608
  logout: 1379348218852
ipAddress: 200.105.99.71
lastlocation:
  world: world
  x: -516.0
  y: 43.0
  z: 116.3
  yaw: -270.1
  pitch: 30.8
logoutlocation:
  world: world
  x: -516.5
  y: 43.0
  z: 116.5
  yaw: -268.83884
  pitch: 9.299959
