timestamps:
  login: 1377652712959
  logout: 1377652779322
ipAddress: 189.165.143.32
lastlocation:
  world: world
  x: -516.0
  y: 43.0
  z: 116.3
  yaw: -270.1
  pitch: 30.8
money: '0.0'
logoutlocation:
  world: world
  x: -524.2498779353988
  y: 40.5
  z: 158.20257927540953
  yaw: -151.95
  pitch: 17.550003
