timestamps:
  login: 1377614586120
  logout: 1377614705070
ipAddress: 24.11.195.21
lastlocation:
  world: world
  x: -516.0
  y: 43.0
  z: 116.3
  yaw: -270.1
  pitch: 30.8
money: '0.0'
logoutlocation:
  world: world
  x: -577.3313148262432
  y: 43.0
  z: 165.39713238207463
  yaw: -251.55165
  pitch: -3.1354988
