timestamps:
  login: 1378665155364
  logout: 1378665159996
ipAddress: 190.190.6.19
lastlocation:
  world: world
  x: -516.0
  y: 43.0
  z: 116.3
  yaw: -270.1
  pitch: 30.8
logoutlocation:
  world: world
  x: -516.5
  y: 43.0
  z: 116.5
  yaw: -267.63885
  pitch: 1.7999611
