timestamps:
  login: 1377471332995
  logout: 1377471482318
ipAddress: 186.62.62.18
lastlocation:
  world: world
  x: -516.0
  y: 43.0
  z: 116.3
  yaw: -270.1
  pitch: 30.8
money: '0.0'
logoutlocation:
  world: world
  x: -566.8222808038827
  y: 43.0
  z: 162.20696316615104
  yaw: -60.160694
  pitch: -8.000089
