timestamps:
  login: 1377965824707
  logout: 1377966258321
ipAddress: 177.227.203.144
lastlocation:
  world: world
  x: -516.0
  y: 43.0
  z: 116.3
  yaw: -270.1
  pitch: 30.8
money: '0.0'
afk: false
logoutlocation:
  world: world
  x: -494.80175554024873
  y: 13.0
  z: 63.699999988079064
  yaw: -25.363495
  pitch: -44.415977
