timestamps:
  login: 1377953482688
  logout: 1377953494538
ipAddress: 172.2.87.98
lastlocation:
  world: world
  x: -516.0
  y: 43.0
  z: 116.3
  yaw: -270.1
  pitch: 30.8
logoutlocation:
  world: world
  x: -515.0968336978973
  y: 43.0
  z: 116.98645705203637
  yaw: -285.30786
  pitch: 19.686577
