timestamps:
  login: 1378779965607
  logout: 1378780035649
ipAddress: 189.147.211.26
lastlocation:
  world: world
  x: -516.0
  y: 43.0
  z: 116.3
  yaw: -270.1
  pitch: 30.8
logoutlocation:
  world: world
  x: -521.1614129809166
  y: 44.0
  z: 120.69999998807907
  yaw: 188.45003
  pitch: 7.8500133
