timestamps:
  login: 1377906748960
  lastteleport: 1377907052010
  logout: 1377907079509
ipAddress: 177.225.140.22
lastlocation:
  world: PvP
  x: 209.59629455522955
  y: 63.0
  z: 400.02651736620555
  yaw: 264.7469
  pitch: 3.7499237
money: '0.0'
logoutlocation:
  world: world_the_end
  x: -415.29123117307853
  y: 64.0
  z: 85.77316872033165
  yaw: 41.406982
  pitch: 19.500069
