timestamps:
  login: 1379729382029
  logout: 1379729420940
ipAddress: 181.64.102.21
lastlocation:
  world: world
  x: -516.0
  y: 43.0
  z: 116.3
  yaw: -270.1
  pitch: 30.8
logoutlocation:
  world: world
  x: -519.5
  y: 62.0
  z: 119.5
  yaw: -57.49563
  pitch: 4.5829844
