timestamps:
  login: 1378691482043
  logout: 1378691583886
ipAddress: 189.182.9.45
lastlocation:
  world: world
  x: -516.0
  y: 43.0
  z: 116.3
  yaw: -270.1
  pitch: 30.8
money: '0.0'
logoutlocation:
  world: world
  x: -514.2179085600121
  y: 40.0
  z: 169.67137075960673
  yaw: -281.85022
  pitch: 35.339973
