timestamps:
  login: 1377706969680
  logout: 1377707015481
ipAddress: 95.144.197.57
lastlocation:
  world: world
  x: -516.0
  y: 43.0
  z: 116.3
  yaw: -270.1
  pitch: 30.8
logoutlocation:
  world: world
  x: -567.468524908373
  y: 43.0
  z: 164.96548772228402
  yaw: -3.6000135
  pitch: -2.8499908
money: '0.0'
