timestamps:
  login: 1377483435857
  logout: 1377483684807
ipAddress: 190.51.40.33
lastlocation:
  world: world
  x: -516.0
  y: 43.0
  z: 116.3
  yaw: -270.1
  pitch: 30.8
money: '0.0'
logoutlocation:
  world: world
  x: -525.4061732211575
  y: 41.0
  z: 166.40052720560163
  yaw: -46.949974
  pitch: 8.999996
