timestamps:
  login: 1377908409887
  logout: 1377908485587
ipAddress: 173.116.245.249
lastlocation:
  world: world
  x: -516.0
  y: 43.0
  z: 116.3
  yaw: -270.1
  pitch: 30.8
money: '0.0'
logoutlocation:
  world: world
  x: -575.4881874489082
  y: 70.67709999999998
  z: 174.15429003988416
  yaw: 32.888336
  pitch: 14.847014
