timestamps:
  login: 1378695618136
  logout: 1378695817884
ipAddress: 186.112.243.124
lastlocation:
  world: world
  x: -516.0
  y: 43.0
  z: 116.3
  yaw: -270.1
  pitch: 30.8
money: '0.0'
logoutlocation:
  world: world
  x: -626.8576185606884
  y: 27.0
  z: 230.51716018627616
  yaw: 1.3497366
  pitch: 24.900005
