timestamps:
  login: 1378155764166
  logout: 1378155767317
ipAddress: 83.131.142.54
lastlocation:
  world: world
  x: -516.0
  y: 43.0
  z: 116.3
  yaw: -270.1
  pitch: 30.8
logoutlocation:
  world: world
  x: -516.2308298561437
  y: 44.0
  z: 121.48737357147311
  yaw: -299.739
  pitch: 16.949953
