timestamps:
  login: 1377828917339
  logout: 1377829182504
ipAddress: 112.198.64.14
lastlocation:
  world: world
  x: -516.0
  y: 43.0
  z: 116.3
  yaw: -270.1
  pitch: 30.8
money: '0.0'
logoutlocation:
  world: world
  x: -464.0749999880793
  y: 20.0
  z: 256.2394299273007
  yaw: 31.500536
  pitch: 6.599991
