timestamps:
  login: 1377917872084
  logout: 1377918128434
ipAddress: 181.29.192.235
lastlocation:
  world: world
  x: -516.0
  y: 43.0
  z: 116.3
  yaw: -270.1
  pitch: 30.8
money: '0.0'
logoutlocation:
  world: world
  x: -607.3184517206013
  y: 43.0
  z: 131.7030192776928
  yaw: 61.94937
  pitch: 2.249997
