timestamps:
  login: 1377450018895
ipAddress: 127.0.0.1
lastlocation:
  world: world
  x: -922.5
  y: 20.0
  z: 349.5
  yaw: 0.0
  pitch: 0.0
logoutlocation:
  world: world
  x: -519.0473567825072
  y: 43.0
  z: 116.68938758606505
  yaw: -269.43887
  pitch: 6.4499598
