timestamps:
  login: 1379360809919
  logout: 1379360851918
ipAddress: 212.225.191.228
lastlocation:
  world: world
  x: -516.0
  y: 43.0
  z: 116.3
  yaw: -270.1
  pitch: 30.8
logoutlocation:
  world: world
  x: -516.5
  y: 43.0
  z: 116.5
  yaw: -172.53879
  pitch: 5.399967
