timestamps:
  login: 1379541203994
  logout: 1379541218182
ipAddress: 201.232.150.100
lastlocation:
  world: world
  x: -516.0
  y: 43.0
  z: 116.3
  yaw: -270.1
  pitch: 30.8
logoutlocation:
  world: world
  x: -516.1743501710114
  y: 43.0
  z: 116.23491867252486
  yaw: -36.93881
  pitch: 7.799958
