timestamps:
  login: 1378621753864
  logout: 1378621781507
ipAddress: 201.246.160.124
lastlocation:
  world: world
  x: -516.0
  y: 43.0
  z: 116.3
  yaw: -270.1
  pitch: 30.8
logoutlocation:
  world: world
  x: -520.2885076422722
  y: 43.0
  z: 114.47730200780263
  yaw: -340.84375
  pitch: 11.050349
