timestamps:
  login: 1379382563313
  logout: 1379382564013
ipAddress: 190.151.219.185
lastlocation:
  world: world
  x: -516.0
  y: 43.0
  z: 116.3
  yaw: -270.1
  pitch: 30.8
logoutlocation:
  world: world
  x: -506.7448319145143
  y: 40.0
  z: 151.74822753941203
  yaw: 242.36157
  pitch: 32.849976
