timestamps:
  login: 1378925191742
  logout: 1378925211041
ipAddress: 46.16.33.160
lastlocation:
  world: world
  x: -516.0
  y: 43.0
  z: 116.3
  yaw: -270.1
  pitch: 30.8
logoutlocation:
  world: world
  x: -516.0
  y: 43.0
  z: 116.3
  yaw: -234.46494
  pitch: -6.0640073
