timestamps:
  login: 1378068335634
  logout: 1378068512895
ipAddress: 189.69.81.131
lastlocation:
  world: world
  x: -516.0
  y: 43.0
  z: 116.3
  yaw: -270.1
  pitch: 30.8
money: '0.0'
logoutlocation:
  world: world
  x: -453.71907812030025
  y: 13.0
  z: 134.68920243977254
  yaw: -80.24997
  pitch: 8.249979
