timestamps:
  login: 1377939849730
  logout: 1377939867229
  lastteleport: 1377611992371
ipAddress: 213.219.154.33
lastlocation:
  world: world
  x: -568.5153559091673
  y: 43.0
  z: 162.89512492239996
  yaw: 264.1116
  pitch: -5.4000297
logoutlocation:
  world: Parcelas
  x: 112.87518412673137
  y: 77.2995521612532
  z: -49.00812947138146
  yaw: 126.775955
  pitch: 50.399773
money: '0.0'
