timestamps:
  login: 1378853667639
  logout: 1378854429281
ipAddress: 190.238.27.188
lastlocation:
  world: world
  x: -516.0
  y: 43.0
  z: 116.3
  yaw: -270.1
  pitch: 30.8
money: '0.0'
logoutlocation:
  world: world
  x: -916.2924383297257
  y: 20.0
  z: 182.54217916568842
  yaw: 172.91197
  pitch: 21.300045
