timestamps:
  login: 1378034683818
  logout: 1378034690668
ipAddress: 86.178.219.249
lastlocation:
  world: world
  x: -516.0
  y: 43.0
  z: 116.3
  yaw: -270.1
  pitch: 30.8
logoutlocation:
  world: world
  x: -516.5
  y: 43.0
  z: 116.5
  yaw: -270.37137
  pitch: 7.2324843
