timestamps:
  login: 1377921373479
  logout: 1377921374747
ipAddress: 181.29.192.235
lastlocation:
  world: world
  x: -516.0
  y: 43.0
  z: 116.3
  yaw: -270.1
  pitch: 30.8
logoutlocation:
  world: world
  x: -516.5
  y: 43.0
  z: 116.5
  yaw: -283.83887
  pitch: -10.050041
