timestamps:
  login: 1378995147683
  lastteleport: 1378934158800
  logout: 1378995159482
ipAddress: 88.5.146.134
lastlocation:
  world: Recursos
  x: 70.30276293453869
  y: 5.0
  z: 473.2199246113929
  yaw: 87.142944
  pitch: 14.100003
money: '1510.7611893846066722'
logoutlocation:
  world: Parcelas
  x: -59.43196076970952
  y: 66.0
  z: 144.7914049227772
  yaw: 88.948975
  pitch: 38.850018
