timestamps:
  login: 1379742689658
  lastteleport: 1379571286109
  logout: 1379742953058
ipAddress: 201.222.157.26
lastlocation:
  world: Parcelas
  x: -90.83371031640554
  y: 65.0
  z: -215.8834141100631
  yaw: -189.8324
  pitch: 9.999277
money: '157.3600858617677729'
logoutlocation:
  world: Parcelas
  x: -78.25151107973794
  y: 65.0
  z: -205.7565276674041
  yaw: -14.58847
  pitch: 16.00536
afk: false
