timestamps:
  login: 1379200464794
  logout: 1379200578540
ipAddress: 200.109.133.102
lastlocation:
  world: world
  x: -516.0
  y: 43.0
  z: 116.3
  yaw: -270.1
  pitch: 30.8
logoutlocation:
  world: world
  x: -520.2670560830107
  y: 43.0
  z: 115.15892387773197
  yaw: -226.0003
  pitch: 5.099938
