timestamps:
  login: 1379735594459
  lastteleport: 1379581879259
  logout: 1379735653058
ipAddress: 187.186.233.95
lastlocation:
  world: Recursos
  x: 53.909422463952644
  y: 63.0
  z: 541.6902719260213
  yaw: 339.01938
  pitch: -3.9544845
money: '514.94261250000002246'
logoutlocation:
  world: Recursos
  x: -30.906612212573094
  y: 8.0
  z: 767.571010976169
  yaw: -274.22696
  pitch: 4.012354
