timestamps:
  login: 1377802141577
  logout: 1377802268028
ipAddress: 83.29.10.47
lastlocation:
  world: world
  x: -516.0
  y: 43.0
  z: 116.3
  yaw: -270.1
  pitch: 30.8
logoutlocation:
  world: world
  x: -514.9154346797011
  y: 43.0
  z: 125.69999998807907
  yaw: -178.38885
  pitch: 16.649967
