timestamps:
  login: 1377622089121
  logout: 1377622132570
ipAddress: 90.224.8.213
lastlocation:
  world: world
  x: -516.0
  y: 43.0
  z: 116.3
  yaw: -270.1
  pitch: 30.8
logoutlocation:
  world: world
  x: -516.0
  y: 43.0
  z: 116.3
  yaw: -165.10594
  pitch: 44.33439
