timestamps:
  login: 1377810593984
  logout: 1377810610688
ipAddress: 72.129.146.139
lastlocation:
  world: world
  x: -516.0
  y: 43.0
  z: 116.3
  yaw: -270.1
  pitch: 30.8
logoutlocation:
  world: world
  x: -516.0
  y: 43.0
  z: 116.3
  yaw: -267.64236
  pitch: 16.054392
