timestamps:
  login: 1379729844616
  logout: 1379729855930
ipAddress: 187.138.31.150
lastlocation:
  world: world
  x: -516.0
  y: 43.0
  z: 116.3
  yaw: -270.1
  pitch: 30.8
logoutlocation:
  world: world
  x: -516.5
  y: 43.0
  z: 116.5
  yaw: -45.987915
  pitch: -7.0045137
