timestamps:
  login: 1379614353804
  logout: 1379614434047
ipAddress: 187.170.253.232
lastlocation:
  world: world
  x: -516.0
  y: 43.0
  z: 116.3
  yaw: -270.1
  pitch: 30.8
logoutlocation:
  world: world
  x: -516.5
  y: 43.0
  z: 116.5
  yaw: -43.688843
  pitch: -7.8000402
