timestamps:
  login: 1378658511525
  logout: 1378658888925
ipAddress: 189.221.241.225
lastlocation:
  world: world
  x: -516.0
  y: 43.0
  z: 116.3
  yaw: -270.1
  pitch: 30.8
money: '0.0'
logoutlocation:
  world: world
  x: -734.696469341699
  y: 29.0
  z: 103.92500001192093
  yaw: 171.00073
  pitch: 10.94997
