timestamps:
  login: 1378159416082
  logout: 1378159425446
ipAddress: 108.198.121.63
lastlocation:
  world: world
  x: -516.0
  y: 43.0
  z: 116.3
  yaw: -270.1
  pitch: 30.8
logoutlocation:
  world: world
  x: -515.8997460501909
  y: 43.0
  z: 116.52669937923011
  yaw: -214.45001
  pitch: 5.300001
