timestamps:
  login: 1379196951300
  logout: 1379197047081
ipAddress: 190.224.250.84
lastlocation:
  world: world
  x: -516.0
  y: 43.0
  z: 116.3
  yaw: -270.1
  pitch: 30.8
logoutlocation:
  world: world
  x: -617.8254700024356
  y: 42.5
  z: 164.99432777369262
  yaw: 86.21155
  pitch: 20.549973
