timestamps:
  login: 1378751656924
  lastteleport: 1378753364546
  logout: 1378753595907
ipAddress: 181.95.229.93
lastlocation:
  world: Parcelas
  x: 11.925000011920929
  y: 65.0
  z: 127.90592226281173
  yaw: -17.97467
  pitch: 62.099964
money: '0.0'
logoutlocation:
  world: Parcelas
  x: -9.300000011920911
  y: 64.0
  z: 12.69999998807907
  yaw: -6.599871
  pitch: -36.9
