timestamps:
  login: 1378868800176
  logout: 1378868861782
ipAddress: 189.235.17.243
lastlocation:
  world: world
  x: -516.0
  y: 43.0
  z: 116.3
  yaw: -270.1
  pitch: 30.8
money: '0.0'
logoutlocation:
  world: world
  x: -577.7529907784706
  y: 43.0
  z: 174.55016471498683
  yaw: 54.300064
  pitch: 23.549997
