timestamps:
  login: 1378950077203
  logout: 1378950109293
ipAddress: 186.149.227.137
lastlocation:
  world: world
  x: -516.0
  y: 43.0
  z: 116.3
  yaw: -270.1
  pitch: 30.8
logoutlocation:
  world: world
  x: -514.3000000119209
  y: 43.0
  z: 123.74720414484824
  yaw: -90.25
  pitch: 0.3499984
