timestamps:
  login: 1378246021947
  logout: 1378246051597
ipAddress: 75.118.188.183
lastlocation:
  world: world
  x: -516.0
  y: 43.0
  z: 116.3
  yaw: -270.1
  pitch: 30.8
logoutlocation:
  world: world
  x: -515.9250000119209
  y: 52.0
  z: 116.92500001192093
  yaw: -163.28302
  pitch: 37.769962
