timestamps:
  login: 1379545724592
  logout: 1379545733269
ipAddress: 186.158.227.161
lastlocation:
  world: world
  x: -516.0
  y: 43.0
  z: 116.3
  yaw: -270.1
  pitch: 30.8
logoutlocation:
  world: world
  x: -516.5
  y: 43.0
  z: 116.5
  yaw: -270.33884
  pitch: 7.0499587
