timestamps:
  login: 1379179862066
  lastteleport: 1379180498721
  logout: 1379180625828
ipAddress: 190.44.77.65
lastlocation:
  world: world
  x: -773.3015104556689
  y: 25.0
  z: 336.7549497955548
  yaw: 301.91083
  pitch: 70.49997
money: '0.0'
logoutlocation:
  world: world
  x: -1395.699999988079
  y: 20.0
  z: 130.95987878896366
  yaw: 172.0191
  pitch: -11.100161
