timestamps:
  login: 1379285641205
  logout: 1379286069771
ipAddress: 189.248.9.134
lastlocation:
  world: world
  x: -516.0
  y: 43.0
  z: 116.3
  yaw: -270.1
  pitch: 30.8
money: '0.0'
logoutlocation:
  world: world
  x: -511.72436436863313
  y: 40.0
  z: 161.86160478596074
  yaw: 105.60016
  pitch: -8.100008
