timestamps:
  login: 1378592482325
  logout: 1378592493399
ipAddress: 2.139.43.107
lastlocation:
  world: world
  x: -516.0
  y: 43.0
  z: 116.3
  yaw: -270.1
  pitch: 30.8
logoutlocation:
  world: world
  x: -516.5
  y: 43.0
  z: 116.5
  yaw: -247.83876
  pitch: 9.749955
