timestamps:
  login: 1378690336072
  lastteleport: 1378690423170
  logout: 1378690947261
ipAddress: 190.139.121.145
lastlocation:
  world: Recursos
  x: 405.7052251249552
  y: 64.10408037809304
  z: 6.066248293674851
  yaw: 240.1455
  pitch: 1.5000951
money: '0.0'
ban:
  reason: '§4Baneado:

    §r¡El Ban Hammer ha hablado!'
  timeout: 0
logoutlocation:
  world: Recursos
  x: 398.99484663310835
  y: 64.0
  z: -10.761516484942264
  yaw: -120.60476
  pitch: -11.849978
