timestamps:
  login: 1378869853731
  logout: 1378870011781
ipAddress: 201.187.208.6
lastlocation:
  world: world
  x: -516.0
  y: 43.0
  z: 116.3
  yaw: -270.1
  pitch: 30.8
money: '0.0'
logoutlocation:
  world: world
  x: -565.7075687027594
  y: 43.0
  z: 183.88275253389446
  yaw: -89.55
  pitch: 34.499973
