timestamps:
  login: 1379632753970
  logout: 1379632761020
ipAddress: 181.50.116.189
lastlocation:
  world: world
  x: -516.0
  y: 43.0
  z: 116.3
  yaw: -270.1
  pitch: 30.8
logoutlocation:
  world: world
  x: -516.0
  y: 43.0
  z: 116.3
  yaw: -96.53217
  pitch: -4.287569
