timestamps:
  login: 1378012501124
  lastteleport: 1378012587323
  logout: 1378012607323
ipAddress: 108.198.121.63
lastlocation:
  world: world
  x: -568.5
  y: 43.0
  z: 162.5
  yaw: 221.38025
  pitch: 16.3425
logoutlocation:
  world: world
  x: -1224.7091683276685
  y: 20.0
  z: 387.5037197761703
  yaw: 86.35717
  pitch: 28.152548
