timestamps:
  login: 1379093711862
  lastteleport: 1379096113201
  logout: 1379096190302
ipAddress: 190.47.87.124
lastlocation:
  world: PvP
  x: 2961.0386189232927
  y: 63.0
  z: 2778.7063354390143
  yaw: -72.14868
  pitch: 21.899982
money: '117201.55318809901178660'
homes:
  mina:
    world: PvP
    x: 2787.052059902057
    y: 22.0
    z: 2885.556601824538
    yaw: 192.34866
    pitch: 21.14995
  slime:
    world: PvP
    x: 2984.644788039911
    y: 18.0
    z: 2783.699999988079
    yaw: -179.33142
    pitch: -0.14996357
  slime2:
    world: PvP
    x: 2849.5693134810913
    y: 76.0
    z: 2901.4947133157957
    yaw: -359.97046
    pitch: 3.7496774
afk: false
logoutlocation:
  world: PvP
  x: 2963.2306285165027
  y: 63.0
  z: 2784.5017863902754
  yaw: -179.5498
  pitch: 3.000037
