timestamps:
  login: 1378158372545
  logout: 1378158379346
ipAddress: 107.4.54.161
lastlocation:
  world: world
  x: -516.0
  y: 43.0
  z: 116.3
  yaw: -270.1
  pitch: 30.8
logoutlocation:
  world: world
  x: -516.0
  y: 43.0
  z: 116.3
  yaw: -90.400055
  pitch: 9.500001
