timestamps:
  login: 1378097484769
  logout: 1378097659417
ipAddress: 190.118.44.49
lastlocation:
  world: world
  x: -516.0
  y: 43.0
  z: 116.3
  yaw: -270.1
  pitch: 30.8
money: '0.0'
logoutlocation:
  world: world
  x: -567.6401912037297
  y: 20.0
  z: 311.2102943551325
  yaw: 331.7998
  pitch: 13.800014
