timestamps:
  login: 1379394432630
  lastteleport: 1379201002689
  logout: 1379394723416
ipAddress: 189.215.120.179
lastlocation:
  world: Recursos
  x: 157.35426663236774
  y: 64.0
  z: 427.74905046945304
  yaw: -269.57404
  pitch: 30.58775
money: '0.0'
logoutlocation:
  world: world
  x: -463.5302978683663
  y: 13.0
  z: 26.26542895904048
  yaw: -193.35455
  pitch: 5.584155
