timestamps:
  login: 1377816662359
  logout: 1377816765059
ipAddress: 200.8.218.52
lastlocation:
  world: world
  x: -516.0
  y: 43.0
  z: 116.3
  yaw: -270.1
  pitch: 30.8
money: '0.0'
logoutlocation:
  world: world
  x: -544.8868570011732
  y: 43.0
  z: 164.327527581257
  yaw: -166.50003
  pitch: 14.399976
