timestamps:
  login: 1378965349632
  lastteleport: 1378966238732
  logout: 1378966309482
ipAddress: 190.79.48.9
lastlocation:
  world: world
  x: -560.2020101231253
  y: 43.0
  z: 160.498383267268
  yaw: 270.4115
  pitch: 5.249972
money: '0.0'
logoutlocation:
  world: Recursos
  x: 87.5
  y: 63.0
  z: 506.5
  yaw: -34.204247
  pitch: 42.750237
