timestamps:
  login: 1378101900917
  logout: 1378101979479
ipAddress: 71.91.110.37
lastlocation:
  world: world
  x: -516.0
  y: 43.0
  z: 116.3
  yaw: -270.1
  pitch: 30.8
logoutlocation:
  world: world
  x: -559.4955325793343
  y: 43.0
  z: 171.67003064037027
  yaw: 184.2
  pitch: 7.9500017
money: '0.0'
