timestamps:
  login: 1379432674281
  logout: 1379432891182
ipAddress: 201.223.138.247
lastlocation:
  world: world
  x: -516.0
  y: 43.0
  z: 116.3
  yaw: -270.1
  pitch: 30.8
money: '0.0'
logoutlocation:
  world: world
  x: -568.809923715552
  y: 43.0
  z: 198.96746315855225
  yaw: 85.40158
  pitch: 5.5296044
