timestamps:
  login: 1377830799180
  logout: 1377830878648
ipAddress: 66.8.209.159
lastlocation:
  world: world
  x: -516.0
  y: 43.0
  z: 116.3
  yaw: -270.1
  pitch: 30.8
logoutlocation:
  world: world
  x: -523.0716735832393
  y: 43.5
  z: 120.36709949224239
  yaw: -22.599884
  pitch: 18.050007
