timestamps:
  login: 1378136627461
  logout: 1378136821765
ipAddress: 84.181.49.108
lastlocation:
  world: world
  x: -516.0
  y: 43.0
  z: 116.3
  yaw: -270.1
  pitch: 30.8
logoutlocation:
  world: world
  x: -514.8786541010544
  y: 52.05377641818815
  z: 118.5190716252567
  yaw: -88.300415
  pitch: 31.649988
