timestamps:
  login: 1379631363570
  logout: 1379631386021
ipAddress: 200.81.122.181
lastlocation:
  world: world
  x: -516.0
  y: 43.0
  z: 116.3
  yaw: -270.1
  pitch: 30.8
logoutlocation:
  world: world
  x: -516.5
  y: 43.0
  z: 116.5
  yaw: -260.32764
  pitch: 12.572286
