timestamps:
  login: 1377701661130
  logout: 1377701692980
ipAddress: 67.71.62.182
lastlocation:
  world: world
  x: -516.0
  y: 43.0
  z: 116.3
  yaw: -270.1
  pitch: 30.8
logoutlocation:
  world: world
  x: -515.3629705050099
  y: 43.0
  z: 116.29949263615417
  yaw: -159.50623
  pitch: 30.800001
