timestamps:
  login: 1378141032973
  logout: 1378141038842
ipAddress: 81.156.104.114
lastlocation:
  world: world
  x: -516.0
  y: 43.0
  z: 116.3
  yaw: -270.1
  pitch: 30.8
logoutlocation:
  world: world
  x: -516.0
  y: 43.0
  z: 116.3
  yaw: -108.99996
  pitch: -3.2499995
