timestamps:
  login: 1378330114637
  logout: 1378330205479
ipAddress: 95.23.122.140
lastlocation:
  world: world
  x: -516.0
  y: 43.0
  z: 116.3
  yaw: -270.1
  pitch: 30.8
money: '0.0'
logoutlocation:
  world: world
  x: -540.0992146883425
  y: 43.0
  z: 163.4300863783907
  yaw: -272.3995
  pitch: 13.799892
