timestamps:
  login: 1378148397290
  logout: 1378148414204
ipAddress: 99.61.196.241
lastlocation:
  world: world
  x: -516.0
  y: 43.0
  z: 116.3
  yaw: -270.1
  pitch: 30.8
logoutlocation:
  world: world
  x: -515.304394544188
  y: 43.0
  z: 116.29945881189342
  yaw: -269.95
  pitch: 33.499996
