timestamps:
  login: 1377927741232
  logout: 1377927744730
ipAddress: 222.154.146.27
lastlocation:
  world: world
  x: -516.0
  y: 43.0
  z: 116.3
  yaw: -270.1
  pitch: 30.8
logoutlocation:
  world: world
  x: -516.5
  y: 43.0
  z: 116.5
  yaw: -272.13898
  pitch: 7.4999595
