timestamps:
  login: 1377814288120
  logout: 1377814292099
ipAddress: 69.126.177.67
lastlocation:
  world: world
  x: -516.0
  y: 43.0
  z: 116.3
  yaw: -270.1
  pitch: 30.8
money: '0.0'
logoutlocation:
  world: world
  x: -569.0350847805796
  y: 16.0
  z: 71.80396773101742
  yaw: 107.70035
  pitch: 0.9000045
