timestamps:
  login: 1379715127574
  logout: 1379715130271
  lastteleport: 1379714533721
  lastheal: 1379288950655
ipAddress: 186.158.230.175
lastlocation:
  world: PvP
  x: 163.896522274332
  y: 113.0
  z: 31.677227021872383
  yaw: 184.21545
  pitch: 15.478739
money: '43286.41728507942883175'
afk: false
logoutlocation:
  world: PvP
  x: 189.56487458666783
  y: 65.0
  z: 402.8785303477088
  yaw: 206.39412
  pitch: 14.700031
nickname: ยง4Kiraz
homes:
  z:
    world: PvP
    x: 5861.473313657444
    y: 182.0
    z: 3880.095700818472
    yaw: 115.81857
    pitch: 1.5263507
  k:
    world: PvP
    x: 2048.8934867286207
    y: 64.0
    z: 412.5847009185573
    yaw: 287.6195
    pitch: 90.0
  o:
    world: PvP
    x: 161.4559836704884
    y: 108.0
    z: 27.279157381944803
    yaw: 102.53735
    pitch: 13.814387
