timestamps:
  login: 1378308577231
  logout: 1378308799832
ipAddress: 197.241.191.149
lastlocation:
  world: world
  x: -516.0
  y: 43.0
  z: 116.3
  yaw: -270.1
  pitch: 30.8
money: '0.0'
logoutlocation:
  world: world
  x: -518.9436553072948
  y: 20.0
  z: 283.8461561920505
  yaw: -90.60019
  pitch: -22.050018
