timestamps:
  login: 1377692827623
  logout: 1377692865873
ipAddress: 92.3.233.109
lastlocation:
  world: world
  x: -516.0
  y: 43.0
  z: 116.3
  yaw: -270.1
  pitch: 30.8
logoutlocation:
  world: world
  x: -513.0851586867889
  y: 43.0
  z: 111.70707090270814
  yaw: -60.549988
  pitch: 10.250001
