timestamps:
  login: 1379544227442
  logout: 1379544400641
ipAddress: 190.249.75.229
lastlocation:
  world: world
  x: -516.0
  y: 43.0
  z: 116.3
  yaw: -270.1
  pitch: 30.8
money: '0.0'
logoutlocation:
  world: world
  x: -668.3000000119209
  y: 21.0
  z: 71.9658011218972
  yaw: -174.29941
  pitch: -12.450024
