timestamps:
  login: 1378081282601
  logout: 1378081407178
ipAddress: 200.51.46.92
lastlocation:
  world: world
  x: -516.0
  y: 43.0
  z: 116.3
  yaw: -270.1
  pitch: 30.8
money: '0.0'
logoutlocation:
  world: world
  x: -509.4986124116984
  y: 40.0
  z: 155.2982606790942
  yaw: -29.250023
  pitch: -36.6
