timestamps:
  login: 1377925297782
  logout: 1377925374729
ipAddress: 220.233.71.230
lastlocation:
  world: world
  x: -516.0
  y: 43.0
  z: 116.3
  yaw: -270.1
  pitch: 30.8
money: '0.0'
logoutlocation:
  world: world
  x: -701.4825471109664
  y: 51.56249999999998
  z: 178.7792883798041
  yaw: 70.04994
  pitch: 5.100017
