timestamps:
  login: 1377651166323
  logout: 1377651255234
ipAddress: 76.174.159.70
lastlocation:
  world: world
  x: -516.0
  y: 43.0
  z: 116.3
  yaw: -270.1
  pitch: 30.8
logoutlocation:
  world: world
  x: -515.3000000119208
  y: 43.0
  z: 113.67208095616988
  yaw: -302.35278
  pitch: 0.30544913
