timestamps:
  login: 1382228730021
  logout: 1382228730634
ipAddress: 201.204.105.122
lastlocation:
  world: world
  x: -462.36562797867487
  y: 20.0
  z: 402.4851434379728
  yaw: 249.94579
  pitch: 11.099921
money: '1'
logoutlocation:
  world: world
  x: -484.15221554264843
  y: 24.656104450735985
  z: 187.0161013467848
  yaw: -28.603907
  pitch: -16.95007
