timestamps:
  login: 1379736769509
  logout: 1379740420559
  lastteleport: 1379740247558
  jail: 0
ipAddress: 201.204.105.122
lastlocation:
  world: PvP
  x: 2480.5252356710193
  y: 11.0
  z: 419.10697046141775
  yaw: -89.43982
  pitch: 18.149967
money: '45058.5395523087797994'
logoutlocation:
  world: Parcelas
  x: 128.65121681332982
  y: 54.0
  z: -33.775776099490685
  yaw: -222.89998
  pitch: 25.499994
afk: false
homes:
  home:
    world: PvP
    x: 2579.699999988079
    y: 44.0
    z: 742.8297390439269
    yaw: 92.19653
    pitch: 20.988863
jailed: false
