timestamps:
  login: 1379432800834
  logout: 1379432831182
  lastteleport: 1378476152673
ipAddress: 77.225.174.250
lastlocation:
  world: Parcelas
  x: 13.458901078320817
  y: 65.0
  z: -91.99781880001579
  yaw: -79.924446
  pitch: 3.4497807
logoutlocation:
  world: Parcelas
  x: 104.34991419971685
  y: 64.0
  z: 30.69999998807907
  yaw: -6.600586
  pitch: 18.00001
money: '0.0'
