timestamps:
  login: 1382156583212
  lastteleport: 1382155111706
  logout: 1382156533796
ipAddress: 201.210.210.41
money: '64'
logoutlocation:
  world: world
  x: -611.6999999880791
  y: 26.0
  z: 270.68238278186163
  yaw: 265.8557
  pitch: -10.949943
