timestamps:
  login: 1381722547172
  lastteleport: 1381723873728
  logout: 1381722114649
  kits:
    fullsword: 1381718809115
ipAddress: 201.210.210.41
lastlocation:
  world: world
  x: -579.3000000119209
  y: 41.59031604928534
  z: 126.30000001192093
  yaw: 196.46666
  pitch: -8.850043
logoutlocation:
  world: world
  x: -549.3198022569005
  y: 51.23154778376253
  z: 97.53704733063957
  yaw: 50.961033
  pitch: 13.79996
afk: false
