timestamps:
  login: 1379080827168
  logout: 1379080968218
ipAddress: 186.113.207.19
lastlocation:
  world: world
  x: -516.0
  y: 43.0
  z: 116.3
  yaw: -270.1
  pitch: 30.8
logoutlocation:
  world: world
  x: -518.9675275547432
  y: 43.0
  z: 116.49467433954123
  yaw: -235.38882
  pitch: 12.299958
