timestamps:
  login: 1379200504307
  lastteleport: 1379201197789
  logout: 1379201523770
ipAddress: 190.31.219.231
lastlocation:
  world: world
  x: -735.0541888054057
  y: 20.0
  z: 514.6685518624504
  yaw: 256.61182
  pitch: 1.0499156
money: '0.0'
logoutlocation:
  world: world
  x: -488.5591549852929
  y: 13.0
  z: 26.3665479724599
  yaw: -1.687561
  pitch: 7.2000303
