timestamps:
  login: 1378069713519
  logout: 1378069736013
ipAddress: 200.8.5.52
lastlocation:
  world: world
  x: -516.0
  y: 43.0
  z: 116.3
  yaw: -270.1
  pitch: 30.8
logoutlocation:
  world: world
  x: -516.0
  y: 43.0
  z: 116.3
  yaw: -253.89969
  pitch: 11.849984
