timestamps:
  login: 1378737036461
  logout: 1378737226249
ipAddress: 190.175.83.153
lastlocation:
  world: world
  x: -516.0
  y: 43.0
  z: 116.3
  yaw: -270.1
  pitch: 30.8
money: '0.0'
logoutlocation:
  world: world
  x: -595.3669780502105
  y: 44.0
  z: 186.11501509938407
  yaw: 231.36829
  pitch: 38.612595
