timestamps:
  login: 1377655601661
  logout: 1377656693610
ipAddress: 71.187.10.22
lastlocation:
  world: world
  x: -516.0
  y: 43.0
  z: 116.3
  yaw: -270.1
  pitch: 30.8
logoutlocation:
  world: world
  x: -692.3577793018304
  y: 77.0
  z: 304.6739217646589
  yaw: -175.98877
  pitch: 48.24
money: '0.0'
ban:
  reason: '§4Baneado:

    §rCheat.'
  timeout: 0
