timestamps:
  login: 1377920714755
  logout: 1377920714809
ipAddress: 186.53.26.254
lastlocation:
  world: world
  x: -516.0
  y: 43.0
  z: 116.3
  yaw: -270.1
  pitch: 30.8
money: '0.0'
logoutlocation:
  world: world
  x: -606.8150270514494
  y: 43.02258768708085
  z: 159.33661737585572
  yaw: -66.33179
  pitch: 31.775375
