timestamps:
  login: 1377892826827
  lastteleport: 1377893211571
  logout: 1377893240767
ipAddress: 186.59.1.66
lastlocation:
  world: world
  x: -1032.3188619727455
  y: 20.0
  z: 179.66344560497706
  yaw: -167.89055
  pitch: -18.150135
money: '0.0'
logoutlocation:
  world: Recursos
  x: 87.5
  y: 63.0
  z: 506.5
  yaw: -2.104248
  pitch: 26.700228
