timestamps:
  login: 1379607139698
  logout: 1379607146547
ipAddress: 181.50.56.221
lastlocation:
  world: world
  x: -516.0
  y: 43.0
  z: 116.3
  yaw: -270.1
  pitch: 30.8
logoutlocation:
  world: world
  x: -516.5
  y: 43.0
  z: 116.5
  yaw: -250.08882
  pitch: -7.5000415
