timestamps:
  login: 1379206576440
  logout: 1379206779734
ipAddress: 190.220.246.132
lastlocation:
  world: world
  x: -516.0
  y: 43.0
  z: 116.3
  yaw: -270.1
  pitch: 30.8
money: '0.0'
logoutlocation:
  world: world
  x: -734.8036399554865
  y: 20.5
  z: 255.20609465270076
  yaw: 93.38868
  pitch: 0.6144009
