timestamps:
  login: 1378700990650
  logout: 1378701037881
ipAddress: 189.235.128.176
lastlocation:
  world: world
  x: -516.0
  y: 43.0
  z: 116.3
  yaw: -270.1
  pitch: 30.8
money: '0.0'
logoutlocation:
  world: world
  x: -546.264175556242
  y: 43.0
  z: 182.3524274023654
  yaw: -60.899994
  pitch: -3.3
