timestamps:
  login: 1379540072177
  logout: 1379540123172
ipAddress: 187.244.182.123
lastlocation:
  world: world
  x: -516.0
  y: 43.0
  z: 116.3
  yaw: -270.1
  pitch: 30.8
logoutlocation:
  world: world
  x: -512.0039881424008
  y: 43.5
  z: 111.43164018521594
  yaw: -189.0387
  pitch: 11.549957
