timestamps:
  login: 1378770050745
  logout: 1378770078912
ipAddress: 190.23.138.249
lastlocation:
  world: world
  x: -516.0
  y: 43.0
  z: 116.3
  yaw: -270.1
  pitch: 30.8
logoutlocation:
  world: world
  x: -520.7554629186213
  y: 43.0
  z: 114.00543124167268
  yaw: -323.01935
  pitch: 18.031693
