timestamps:
  login: 1377579950777
  logout: 1377579973778
ipAddress: 107.194.133.65
lastlocation:
  world: world
  x: -516.0
  y: 43.0
  z: 116.3
  yaw: -270.1
  pitch: 30.8
logoutlocation:
  world: world
  x: -555.4468426037995
  y: 20.0
  z: 243.82115646782094
  yaw: 326.21167
  pitch: 7.05
money: '0.0'
