timestamps:
  login: 1379036383469
  logout: 1379036402118
ipAddress: 189.231.155.100
lastlocation:
  world: world
  x: -516.0
  y: 43.0
  z: 116.3
  yaw: -270.1
  pitch: 30.8
logoutlocation:
  world: world
  x: -516.5
  y: 43.0
  z: 116.5
  yaw: -270.48883
  pitch: 0.8999586
