timestamps:
  login: 1377629259020
  lastteleport: 1377629489933
  logout: 1377629532571
ipAddress: 89.123.246.127
lastlocation:
  world: world
  x: -568.5153559091673
  y: 43.0
  z: 162.89512492239996
  yaw: 271.76154
  pitch: 8.99997
money: '0.0'
logoutlocation:
  world: world
  x: -568.5362414626111
  y: 43.0
  z: 160.09620906362136
  yaw: 269.06155
  pitch: 8.99997
