timestamps:
  login: 1378143147610
  logout: 1378143154548
ipAddress: 46.127.52.212
lastlocation:
  world: world
  x: -516.0
  y: 43.0
  z: 116.3
  yaw: -270.1
  pitch: 30.8
logoutlocation:
  world: world
  x: -516.0
  y: 43.0
  z: 116.3
  yaw: -254.40883
  pitch: 0.80217123
