timestamps:
  login: 1378218310733
  logout: 1378218348383
ipAddress: 108.169.8.23
lastlocation:
  world: world
  x: -516.0
  y: 43.0
  z: 116.3
  yaw: -270.1
  pitch: 30.8
logoutlocation:
  world: world
  x: -516.0
  y: 43.0
  z: 116.3
  yaw: -181.26454
  pitch: 31.658293
