timestamps:
  login: 1378233162533
  logout: 1378233173383
ipAddress: 90.222.87.159
lastlocation:
  world: world
  x: -516.0
  y: 43.0
  z: 116.3
  yaw: -270.1
  pitch: 30.8
logoutlocation:
  world: world
  x: -516.0
  y: 43.0
  z: 116.3
  yaw: -133.45004
  pitch: 11.750004
