timestamps:
  login: 1377535228579
  logout: 1377535421879
ipAddress: 189.249.252.27
lastlocation:
  world: world
  x: -516.0
  y: 43.0
  z: 116.3
  yaw: -270.1
  pitch: 30.8
money: '0.0'
logoutlocation:
  world: world
  x: -717.020432411033
  y: 20.0
  z: 590.6843841125417
  yaw: 177.00027
  pitch: -4.9500165
