timestamps:
  login: 1377962064635
  logout: 1377963165436
  lastteleport: 1377962284268
ipAddress: 190.224.40.62
lastlocation:
  world: world
  x: -1313.1734569055077
  y: 22.5
  z: 123.60064482351848
  yaw: -183.93117
  pitch: 5.549843
money: '0.0'
logoutlocation:
  world: Recursos
  x: 139.11333827110198
  y: 6.0
  z: 639.500842321154
  yaw: -70.50464
  pitch: 31.049995
