timestamps:
  login: 1379189209218
  logout: 1379195741137
  lastteleport: 1379195407819
ipAddress: 190.75.204.170
lastlocation:
  world: world
  x: -568.5153559091673
  y: 43.0
  z: 162.89512492239996
  yaw: 268.94797
  pitch: 5.0466304
logoutlocation:
  world: PvP
  x: 244.42566136363857
  y: 64.0
  z: 354.7589165282563
  yaw: 315.51636
  pitch: 8.410244
money: '53.6999999999999988'
