timestamps:
  login: 1378261702666
  logout: 1378261912036
ipAddress: 201.253.172.29
lastlocation:
  world: world
  x: -516.0
  y: 43.0
  z: 116.3
  yaw: -270.1
  pitch: 30.8
money: '0.0'
logoutlocation:
  world: world
  x: -566.955288713958
  y: 43.0
  z: 166.99292470745917
  yaw: -203.74214
  pitch: 12.289211
