timestamps:
  login: 1377820564174
  lastteleport: 1377820414313
  logout: 1377820690245
ipAddress: 190.219.221.82
lastlocation:
  world: world
  x: -568.5153559091673
  y: 43.0
  z: 162.89512492239996
  yaw: 269.21155
  pitch: 8.99997
money: '0.0'
logoutlocation:
  world: world
  x: -438.47329637570516
  y: 21.753199980521202
  z: 237.80522046509722
  yaw: 273.9629
  pitch: 23.235384
