timestamps:
  login: 1378242389447
  logout: 1378242466597
ipAddress: 72.71.243.205
lastlocation:
  world: world
  x: -516.0
  y: 43.0
  z: 116.3
  yaw: -270.1
  pitch: 30.8
money: '0.0'
logoutlocation:
  world: world
  x: -552.0024900792233
  y: 43.0
  z: 166.68341639086842
  yaw: -264.67432
  pitch: 0.44876358
