timestamps:
  login: 1378090093892
  logout: 1378090096465
ipAddress: 70.197.6.135
lastlocation:
  world: world
  x: -516.0
  y: 43.0
  z: 116.3
  yaw: -270.1
  pitch: 30.8
logoutlocation:
  world: world
  x: -516.0
  y: 43.0
  z: 116.3
  yaw: -317.40884
  pitch: 28.956797
