timestamps:
  login: 1379011735622
  logout: 1379011781021
ipAddress: 201.191.169.195
lastlocation:
  world: world
  x: -516.0
  y: 43.0
  z: 116.3
  yaw: -270.1
  pitch: 30.8
logoutlocation:
  world: world
  x: -516.0
  y: 43.0
  z: 116.3
  yaw: -277.44998
  pitch: 8.600003
