timestamps:
  login: 1378163206615
  lastteleport: 1378069507158
  logout: 1378163244592
ipAddress: 190.49.208.40
lastlocation:
  world: world
  x: -563.0676549840948
  y: 43.0
  z: 162.45585852770137
  yaw: 139.16165
  pitch: 26.09997
money: '0.0'
logoutlocation:
  world: Recursos
  x: 83.30000001192093
  y: 63.0
  z: 460.54454444933674
  yaw: 11.850021
  pitch: -62.850018
