timestamps:
  login: 1378126896368
  logout: 1378126954418
ipAddress: 76.100.247.215
lastlocation:
  world: world
  x: -516.0
  y: 43.0
  z: 116.3
  yaw: -270.1
  pitch: 30.8
money: '0.0'
logoutlocation:
  world: world
  x: -569.4282459210416
  y: 43.0
  z: 170.94940399654152
  yaw: -189.06326
  pitch: 14.922001
