timestamps:
  login: 1378066582178
  logout: 1378066663601
ipAddress: 74.166.246.247
lastlocation:
  world: world
  x: -516.0
  y: 43.0
  z: 116.3
  yaw: -270.1
  pitch: 30.8
logoutlocation:
  world: world
  x: -518.823203114809
  y: 43.0
  z: 115.71719383284712
  yaw: 71.45007
  pitch: 8.300002
