timestamps:
  login: 1378230769033
  logout: 1378230833383
ipAddress: 188.218.149.78
lastlocation:
  world: world
  x: -516.0
  y: 43.0
  z: 116.3
  yaw: -270.1
  pitch: 30.8
money: '0.0'
logoutlocation:
  world: world
  x: -568.2841225844844
  y: 43.0
  z: 164.53698514838575
  yaw: 221.09993
  pitch: 7.9500003
