timestamps:
  login: 1377708496344
  logout: 1377708664444
ipAddress: 201.235.128.159
lastlocation:
  world: world
  x: -516.0
  y: 43.0
  z: 116.3
  yaw: -270.1
  pitch: 30.8
money: '0.0'
logoutlocation:
  world: world
  x: -596.8023237980191
  y: 20.0
  z: 298.6138203872479
  yaw: -0.17211393
  pitch: 6.6276712
