timestamps:
  login: 1378943308066
  logout: 1378943523274
ipAddress: 186.47.7.194
lastlocation:
  world: world
  x: -516.0
  y: 43.0
  z: 116.3
  yaw: -270.1
  pitch: 30.8
money: '0.0'
logoutlocation:
  world: world
  x: -531.1577840764339
  y: 43.0
  z: 170.8324333771889
  yaw: -175.20044
  pitch: 10.200031
