timestamps:
  login: 1377471328209
  logout: 1377472289807
ipAddress: 186.91.194.21
lastlocation:
  world: world
  x: -516.0
  y: 43.0
  z: 116.3
  yaw: -270.1
  pitch: 30.8
money: '0.0'
afk: false
logoutlocation:
  world: world
  x: -531.4167356141986
  y: 43.0
  z: 193.93247568101776
  yaw: 73.80004
  pitch: 9.450029
