timestamps:
  login: 1377863924032
  logout: 1377864029481
ipAddress: 182.239.227.196
lastlocation:
  world: world
  x: -516.0
  y: 43.0
  z: 116.3
  yaw: -270.1
  pitch: 30.8
money: '0.0'
logoutlocation:
  world: world
  x: -590.3512189951149
  y: 51.99997905046232
  z: 148.39766447432706
  yaw: 7.4999695
  pitch: -9.89999
