timestamps:
  login: 1378007263622
  logout: 1378007292332
ipAddress: 71.229.128.108
lastlocation:
  world: world
  x: -516.0
  y: 43.0
  z: 116.3
  yaw: -270.1
  pitch: 30.8
money: '0.0'
logoutlocation:
  world: world
  x: -993.6927588064024
  y: 68.53605303601057
  z: 348.0629781034065
  yaw: 87.8613
  pitch: -40.20003
