timestamps:
  login: 1378147952807
  logout: 1378148212876
ipAddress: 69.62.144.217
lastlocation:
  world: world
  x: -516.0
  y: 43.0
  z: 116.3
  yaw: -270.1
  pitch: 30.8
logoutlocation:
  world: world
  x: -516.0
  y: 43.0
  z: 116.3
  yaw: -276.15967
  pitch: -3.9539683
