timestamps:
  login: 1379467698542
  logout: 1379467831983
ipAddress: 190.20.130.16
lastlocation:
  world: world
  x: -516.0
  y: 43.0
  z: 116.3
  yaw: -270.1
  pitch: 30.8
logoutlocation:
  world: world
  x: -540.8295803454976
  y: 20.0
  z: 275.1743763364266
  yaw: 358.16138
  pitch: -5.55
