timestamps:
  login: 1377822022573
  logout: 1377822053662
ipAddress: 67.237.161.85
lastlocation:
  world: world
  x: -516.0
  y: 43.0
  z: 116.3
  yaw: -270.1
  pitch: 30.8
logoutlocation:
  world: world
  x: -516.0
  y: 43.0
  z: 116.3
  yaw: -265.30728
  pitch: 25.048756
