timestamps:
  login: 1377708236945
  logout: 1377708351944
ipAddress: 190.171.9.37
lastlocation:
  world: world
  x: -516.0
  y: 43.0
  z: 116.3
  yaw: -270.1
  pitch: 30.8
money: '0.0'
logoutlocation:
  world: world
  x: -513.4606394951438
  y: 40.0
  z: 166.63397217697485
  yaw: 186.75003
  pitch: 16.800003
