timestamps:
  login: 1377876135780
  logout: 1377876159319
ipAddress: 109.97.185.58
lastlocation:
  world: world
  x: -516.0
  y: 43.0
  z: 116.3
  yaw: -270.1
  pitch: 30.8
money: '0.0'
logoutlocation:
  world: world
  x: -466.0361609350754
  y: 13.0
  z: 205.62796379374063
  yaw: -247.79962
  pitch: 14.699991
