timestamps:
  login: 1379202261221
  logout: 1379202371871
ipAddress: 201.110.46.94
lastlocation:
  world: world
  x: -516.0
  y: 43.0
  z: 116.3
  yaw: -270.1
  pitch: 30.8
logoutlocation:
  world: world
  x: -579.5791438131724
  y: 43.0
  z: 153.18648123768364
  yaw: 14.5116005
  pitch: 27.59997
