timestamps:
  login: 1377946304179
  logout: 1377946339729
ipAddress: 186.65.233.177
lastlocation:
  world: world
  x: -516.0
  y: 43.0
  z: 116.3
  yaw: -270.1
  pitch: 30.8
money: '0.0'
logoutlocation:
  world: world
  x: -557.3000000119209
  y: 43.0
  z: 170.89690861689513
  yaw: -82.8001
  pitch: -4.3499765
