timestamps:
  login: 1379695662627
  lastteleport: 1379692469087
  logout: 1379695662893
ipAddress: 186.56.178.214
lastlocation:
  world: Recursos
  x: 89.37466139381223
  y: 63.5
  z: 506.47168621201433
  yaw: -268.80005
  pitch: 13.049999
money: '130.1399999999999976'
logoutlocation:
  world: world
  x: -1224.2678803709991
  y: 21.0
  z: 361.30000001192093
  yaw: 0.70942783
  pitch: 11.850016
