timestamps:
  login: 1378084901106
  logout: 1378084905775
ipAddress: 24.13.243.110
lastlocation:
  world: world
  x: -516.0
  y: 43.0
  z: 116.3
  yaw: -270.1
  pitch: 30.8
logoutlocation:
  world: world
  x: -516.0
  y: 43.0
  z: 116.3
  yaw: -94.449974
  pitch: -7.950001
