jails: 
  catacumba: 
    world: world
    x: -1290.7420602661823
    y: 62.0
    z: 456.7665976002802
    yaw: 96.864746
    pitch: 11.399982
