spawns: 
  default: 
    world: world
    x: -568.5153559091673
    y: 43.0
    z: 162.89512492239996
    yaw: 269.21155
    pitch: 8.99997
  newbies: 
    world: world
    x: -516.0008143609275
    y: 43.0
    z: 116.37454413480992
    yaw: -270.18884
    pitch: 7.0499587
