world: world
x: -1151.4492813319669
y: 24.0
z: 200.45442986107545
yaw: 266.4685
pitch: 14.249997
name: arena1vs1
