world: world
x: -1344.8700551200975
y: 61.0
z: 468.5494585013239
yaw: 189.86029
pitch: 10.950017
name: carcel
