world: world
x: -1224.1622930545373
y: 20.0
z: 387.11503005567704
yaw: 87.82568
pitch: 10.950047
name: casino
