world: world
x: -831.5629353491926
y: 28.0
z: 333.5710536003701
yaw: 270.56396
pitch: 8.099972
name: coliseo
