world: world
x: -795.1644810115505
y: 20.0
z: 333.5234767953584
yaw: 272.51077
pitch: 40.799973
name: coliseo
