world: world_the_end
x: -456.3521980566268
y: 70.0
z: 146.31654064341978
yaw: 181.05699
pitch: 48.000065
name: end
