world: world
x: 1423.1378395675554
y: 47.0
z: -3028.128711080421
yaw: -37.34994
pitch: 4.0500336
name: hunger
