world: world
x: -511.5
y: 13.0
z: 199.5
yaw: 271.54602
pitch: 7.049919
name: mercado
