world: world
x: -1314.2283710278937
y: 26.0
z: 219.0782006156711
yaw: 181.31885
pitch: 1.9498336
name: museo
