world: world_nether
x: -32.87155012074601
y: 59.0
z: -88.61979357414961
yaw: 90.300415
pitch: 20.54996
name: nether
