world: world
x: -1137.8205910119443
y: 20.0
z: 127.04837824843565
yaw: 3.8620605
pitch: -19.350061
name: paintball
