world: Parcelas
x: 23.731470042146576
y: 66.0
z: 0.6073583539171533
yaw: 263.276
pitch: 31.499777
name: parcelas
