world: world
x: -414.38248913066184
y: 20.0
z: 341.4889940115725
yaw: 0.41183472
pitch: -18.600073
name: parkour
