world: world
x: -1032.032797896962
y: 20.0
z: 199.4854881757892
yaw: 182.65948
pitch: 10.349858
name: portales
