world: PvP
x: 172.3138849907076
y: 73.5
z: 400.91445713362805
yaw: 270.147
pitch: 57.299923
name: pvp
