world: Recursos
x: 87.6049217985587
y: 63.0
z: 506.41106577964683
yaw: -2.104248
pitch: 26.700228
name: recursos
