world: world
x: -586.1323744141997
y: 43.0
z: 116.86804405652178
yaw: -90.95662
pitch: 6.0000772
name: spleef
