world: world
x: -526.5
y: 20.0
z: 282.5
yaw: 271.20557
pitch: 0.5998947
name: tiendavip
